# rho_B       Z   N                   tau_n                    tau_p                    tau_t                    field                     spin-orbit                coul_dir                 coul_exc                 coul_tot                 skyrme                    strut_p                   pair_n                    e_pair_bcs_p              k_e                      coul_ee                  coul_pe                   mu_n                     mu_p                      mu_e                     mu_t                     e_t                       e/a_t
  0.00050000  20  93.584461773181474  9.6510787009620924E+002  2.8473571403731637E+002  1.2498435841335256E+003  -1.7261636655797752E+003  -3.5765846229060131E+001  7.1962707788524213E+001  0.0000000000000000E+000  7.1962707788524213E+001  -4.4012321988678593E+002  -1.5489998303373795E+000  -4.6002462492541490E-001  -1.2629814839819239E-006  3.9728417111651851E+002  9.5991356027061929E+000  -2.2752899183214971E+001  0.0000000000000000E+000  -2.7579579953268365E+001  0.0000000000000000E+000  0.0000000000000000E+000  -7.3648698069167509E+001  -6.4839406816549372E-001
  0.00050000  22  101.78879936594616  1.0673963871470087E+003  3.1354254392242348E+002  1.3809389310694321E+003  -1.9154921076123223E+003  -3.8187472540836701E+001  8.4501900160183567E+001  0.0000000000000000E+000  8.4501900160183567E+001  -4.8823874892354360E+002  4.5980012287005820E+000   -4.8807535664050988E-001  -3.5843212136242739E+000  4.3840035787323188E+002  1.1252686658419794E+001  -2.6752479773147861E+001  0.0000000000000000E+000  -2.6182134549489327E+001  0.0000000000000000E+000  0.0000000000000000E+000  -8.2024125506705531E+001  -6.6261346684168643E-001
  0.00050000  24  109.20640954018668  1.1693294460429659E+003  3.4232851416666631E+002  1.5116579602096322E+003  -2.1053921197845661E+003  -4.0510799581040615E+001  9.7829660643837840E+001  0.0000000000000000E+000  9.7829660643837840E+001  -5.3641529851213727E+002  6.9002689532984505E+000   -5.0873404814911971E-001  -4.5061602557766767E+000  4.8049661439997777E+002  1.3034462838421222E+001  -3.1068305535861626E+001  0.0000000000000000E+000  -2.6706519244147511E+001  0.0000000000000000E+000  0.0000000000000000E+000  -9.0843384160299237E+001  -6.8196478651032710E-001
  0.00050000  26  116.30634761402854  1.2713497139797926E+003  3.7108532039672866E+002  1.6424350343765213E+003  -2.2959866223366585E+003  -4.2749423994130460E+001  1.1191960740024069E+002  0.0000000000000000E+000  1.1191960740024069E+002  -5.8438140455402674E+002  6.2517249338469583E+000   -5.2933841978962981E-001  -3.7794229629857465E+000  5.2302620372514230E+002  1.4930325444933082E+001  -3.5666892500287183E+001  0.0000000000000000E+000  -2.7140032997620381E+001  0.0000000000000000E+000  0.0000000000000000E+000  -1.0048972233321837E+002  -7.0615066731964427E-001
  0.00050000  28  123.05723142885034  1.3733429733642849E+003  3.9976725939944896E+002  1.7731102327637338E+003  -2.4870732019552020E+003  -4.4909760453814101E+001  1.2674672734043763E+002  0.0000000000000000E+000  1.2674672734043763E+002  -6.3212600230484577E+002  1.6661488758022642E+000   -5.4772937510959940E-001  -2.9028568723356635E-006  5.6604211360833267E+002  1.6940819488231192E+001  -4.0549376303928369E+001  0.0000000000000000E+000  -2.6443593080144041E+001  0.0000000000000000E+000  0.0000000000000000E+000  -1.1047963291441205E+002  -7.3137599483278859E-001
  0.00050000  30  131.62126694777956  1.4776269102469012E+003  4.2828401286154588E+002  1.9059109231084472E+003  -2.6797320101626124E+003  -4.7005889399075969E+001  1.4227169119390518E+002  0.0000000000000000E+000  1.4227169119390518E+002  -6.7855528525933448E+002  8.8195275702501021E+000   -5.7646937103111395E-001  -5.0333016507906390E+000  6.0676289073449141E+002  1.8980375081453460E+001  -4.5511898381902085E+001  0.0000000000000000E+000  -2.5810844983661909E+001  0.0000000000000000E+000  0.0000000000000000E+000  -1.1858445127689095E+002  -7.3371811467136994E-001
  0.00050000  32  139.61408927350709  1.5817077025888902E+003  4.5680160753336435E+002  2.0385093101222546E+003  -2.8728216464794846E+003  -4.9041114041190305E+001  1.5850046122542389E+002  0.0000000000000000E+000  1.5850046122542389E+002  -7.2485298917299713E+002  1.1219706392271519E+001   -6.0147752626752460E-001  -6.2239259512198499E+000  6.4821934320417540E+002  2.1134269029714183E+001  -5.0756808703185534E+001  0.0000000000000000E+000  -2.6137647427130702E+001  0.0000000000000000E+000  0.0000000000000000E+000  -1.2689685872752955E+002  -7.3943147246101659E-001
  0.00050000  34  147.38855046461737  1.6858202186660774E+003  4.8522398235751973E+002  2.1710442010235970E+003  -3.0662676561726316E+003  -5.1016645912308256E+001  1.7540786433641762E+002  0.0000000000000000E+000  1.7540786433641762E+002  -7.7083223672492511E+002  1.0594113609977967E+001   -6.2501855606898937E-001  -5.4451038689374140E+000  6.8996461989298325E+002  2.3388556019451624E+001  -5.6250819296527574E+001  0.0000000000000000E+000  -2.6420554579801067E+001  0.0000000000000000E+000  0.0000000000000000E+000  -1.3580555092406183E+002  -7.4869968680713705E-001
  0.00050000  36  154.70990126689540  1.7897736099109593E+003  5.1361197759863387E+002  2.3033855875095933E+003  -3.2600316005777522E+003  -5.2939486467119060E+001  1.9298392320830317E+002  0.0000000000000000E+000  1.9298392320830317E+002  -8.1660157632697462E+002  8.1840928026138045E+000   -6.4576247590456126E-001  -3.7176229509484577E+000  7.3231077495767352E+002  2.5753186748878495E+001  -6.2017638384053271E+001  0.0000000000000000E+000  -2.6541928387780441E+001  0.0000000000000000E+000  0.0000000000000000E+000  -1.4489889362872691E+002  -7.5978694690462278E-001
  0.00050000  38  162.27761041940889  1.8942832765850328E+003  5.4191260505031676E+002  2.4361958816353495E+003  -3.4543951884846738E+003  -5.4814278254867212E+001  2.1120581499169344E+002  0.0000000000000000E+000  2.1120581499169344E+002  -8.6180777011250052E+002  5.3699080496849092E+000   -6.6772710657593548E-001  -1.8649944621473291E+000  7.7434632770006203E+002  2.8196220128065075E+001  -6.7980787635403260E+001  0.0000000000000000E+000  -2.6385373227446980E+001  0.0000000000000000E+000  0.0000000000000000E+000  -1.5413785743882417E+002  -7.6961321779180547E-001
  0.00050000  40  169.75003467556411  1.9989896096757177E+003  5.7016718432019638E+002  2.5691567939959141E+003  -3.6491958581937861E+003  -5.6645192361773148E+001  2.3006561927620749E+002  0.0000000000000000E+000  2.3006561927620749E+002  -9.0661863728343837E+002  3.5062412731601853E+000   -6.8868737921695111E-001  -5.0040379150007785E-001  8.1651684035028813E+002  3.0731286181032456E+001  -7.4172700228295213E+001  0.0000000000000000E+000  -2.5799415241788864E+001  0.0000000000000000E+000  0.0000000000000000E+000  -1.6251978087797690E+002  -7.7482600243131605E-001
  0.00050000  42  178.24130875104734  2.1050526840000016E+003  5.9827317656762489E+002  2.7033258605676265E+003  -3.8449078147526493E+003  -5.8435320124506561E+001  2.4953342476361874E+002  0.0000000000000000E+000  2.4953342476361874E+002  -9.5048384954590927E+002  7.7914872132857909E+000   -7.1563775875021163E-001  -4.4944521073483967E+000  8.5733766825083831E+002  3.3301036899907224E+001  -8.0455663598145676E+001  0.0000000000000000E+000  -2.5629739003981129E+001  0.0000000000000000E+000  0.0000000000000000E+000  -1.7057781664618369E+002  -7.7450419093967604E-001
  0.00050000  44  186.46545868370467  2.2111369197788795E+003  6.2635275663772882E+002  2.8374896764166083E+003  -4.0409518380400477E+003  -6.0187398766620994E+001  2.6961682059730401E+002  0.0000000000000000E+000  2.6961682059730401E+002  -9.9403273979275593E+002  8.7015520143365848E+000   -7.4069696116001327E-001  -5.3708805306941638E+000  8.9851381505143468E+002  3.5966028178361668E+001  -8.6974647617481821E+001  0.0000000000000000E+000  -2.5729456512755050E+001  0.0000000000000000E+000  0.0000000000000000E+000  -1.7836066165796333E+002  -7.7390787393740545E-001
  0.00050000  46  194.57960550278713  2.3173259080542853E+003  6.5435477671578792E+002  2.9716806847700732E+003  -4.2372679269422842E+003  -6.1901652531995090E+001  2.9029962742217845E+002  0.0000000000000000E+000  2.9029962742217845E+002  -1.0371892672820275E+003  7.6829830566932742E+000   -7.6498435342827587E-001  -4.8848709234143586E+000  9.3983713427958742E+002  3.8717848881771175E+001  -9.3709398009162612E+001  0.0000000000000000E+000  -2.5858934713463938E+001  0.0000000000000000E+000  0.0000000000000000E+000  -1.8629833234998424E+002  -7.7437292309274386E-001
  0.00050000  48  202.38971904880023  2.4234721680530020E+003  6.8232864985920764E+002  3.1058008179122098E+003  -4.4338409088144263E+003  -6.3582313619921386E+001  3.1157753634137669E+002  0.0000000000000000E+000  3.1157753634137669E+002  -1.0800448681807636E+003  5.0115940692771801E+000   -7.8721119057875877E-001  -3.3969913644058276E+000  9.8156795229662873E+002  4.1566566365355044E+001  -1.0068407047317758E+002  0.0000000000000000E+000  -2.5958807384729717E+001  0.0000000000000000E+000  0.0000000000000000E+000  -1.9431949247766752E+002  -7.7606153333981609E-001
  0.00050000  50  210.46715742682227  2.5301392526031696E+003  7.1021401170121146E+002  3.2403532643043809E+003  -4.6308751414293511E+003  -6.5230424037059478E+001  3.3343028122515392E+002  0.0000000000000000E+000  3.3343028122515392E+002  -1.1223220199368777E+003  -1.3130109162375447E-002  -8.1085665243224059E-001  -2.3082301570659917E-006  1.0229428342345591E+003  4.4479979182125462E+001  -1.0782112882131771E+002  0.0000000000000000E+000  -2.4935143023758879E+001  0.0000000000000000E+000  0.0000000000000000E+000  -2.0266147441133785E+002  -7.7806272163451640E-001
  0.00050000  52  220.02452710740576  2.6386653263854796E+003  7.3796501748732817E+002  3.3766303438728078E+003  -4.8290400571703667E+003  -6.6851666287425388E+001  3.5583181516892938E+002  0.0000000000000000E+000  3.5583181516892938E+002  -1.1634295644160522E+003  5.8013744423792559E+000   -8.4259269567620432E-001  -3.6572584437881042E+000  1.0623379354138515E+003  4.7385089161664858E+001  -1.1494455097362705E+002  0.0000000000000000E+000  -2.3943034923346023E+001  0.0000000000000000E+000  0.0000000000000000E+000  -2.0803140351124978E+002  -7.6475237627718695E-001
  0.00050000  54  229.81791925784464  2.7476463959090056E+003  7.6560353148741365E+002  3.5132499273964195E+003  -5.0275654583160840E+003  -6.8442193829361443E+001  3.7878681510223095E+002  0.0000000000000000E+000  3.7878681510223095E+002  -1.2039709096467941E+003  8.4970137947932471E+000   -8.7586613960277127E-001  -4.8267398854035299E+000  1.1014279589028758E+003  5.0349224791338671E+001  -1.2221612980089820E+002  0.0000000000000000E+000  -2.4050165834258273E+001  0.0000000000000000E+000  0.0000000000000000E+000  -2.1386196998369221E+002  -7.5351820823281435E-001
  0.00050000  56  239.31402737189924  2.8564661439600632E+003  7.9315240802468406E+002  3.6496185519847472E+003  -5.2261216942190222E+003  -7.0000726289792297E+001  4.0229349644076478E+002  0.0000000000000000E+000  4.0229349644076478E+002  -1.2442103720833013E+003  8.6947748123450310E+000   -9.0694040488387828E-001  -4.1745817680432582E+000  1.1409201449174038E+003  5.3402848225191143E+001  -1.2970921148772612E+002  0.0000000000000000E+000  -2.4132787075593477E+001  0.0000000000000000E+000  0.0000000000000000E+000  -2.1979454578901570E+002  -7.4427397758551428E-001
  0.00050000  58  249.12745685310526  2.9659610620382805E+003  8.2070381227827136E+002  3.7866648743165520E+003  -5.4253178057770128E+003  -7.1539912473789968E+001  4.2634669269992924E+002  0.0000000000000000E+000  4.2634669269992924E+002  -1.2838461512343183E+003  6.1319321346597917E+000   -9.3985812188955042E-001  -1.3046443219225390E+000  1.1800011037821737E+003  5.6508358687023708E+001  -1.3733308080264845E+002  0.0000000000000000E+000  -2.3934586466496526E+001  0.0000000000000000E+000  0.0000000000000000E+000  -2.2615823387692262E+002  -7.3636039345657600E-001
  0.00050000  60  259.08787508775021  3.0757729224644900E+003  8.4815710544525302E+002  3.9239300279097429E+003  -5.6247741519777901E+003  -7.3051684351243708E+001  4.5093039792684624E+002  0.0000000000000000E+000  4.5093039792684624E+002  -1.3229654104924409E+003  9.5663421629242293E+000   -9.7380929332612309E-001  -3.9537468972658352E+000  1.2188987928216413E+003  5.9674556007059493E+001  -1.4510881754178899E+002  0.0000000000000000E+000  -2.3584529449729462E+001  0.0000000000000000E+000  0.0000000000000000E+000  -2.3180267323319765E+002  -7.2645403141485765E-001
