# rho_B       Z   N                   tau_n                    tau_p                    tau_t                    field                     spin-orbit                coul_dir                 coul_exc                 coul_tot                 skyrme                   strut_p                   pair_n                    e_pair_bcs_p              k_e                      coul_ee                  coul_pe                   mu_n                     mu_p                      mu_e                     mu_t                     e_t                      e/a_t
  0.00500000  20  358.80493318761864  2.1911704000558116E+003  2.5090573411137672E+002  2.4420761341671882E+003  -2.2065121493741399E+003  -3.6673062022544002E+001  6.7719223098031492E+001  0.0000000000000000E+000  6.7719223098031492E+001  2.6661014586853588E+002  -1.3541771828813580E+000  -7.7631472104141119E+000  -5.7824177143228140E-007  5.7729655989933326E+002  1.3844909442265308E+001  -3.2667543929964921E+001  0.0000000000000000E+000  -3.6240801300226750E+001  0.0000000000000000E+000  0.0000000000000000E+000  8.0031988630855085E+002  2.1127493762098424E+000
  0.00500000  22  392.94541747697940  2.4103827602169695E+003  2.7601736616573339E+002  2.6864001263827031E+003  -2.4408090365922731E+003  -3.9064032106081783E+001  7.9472255545163748E+001  0.0000000000000000E+000  7.9472255545163748E+001  2.8599931322951227E+002  4.7536179767749900E+000   -8.4927868647345353E+000  -3.1621180328417395E+000  6.3592799115568255E+002  1.6202071474627587E+001  -3.8344959020908291E+001  0.0000000000000000E+000  -3.4814806029914280E+001  0.0000000000000000E+000  0.0000000000000000E+000  8.7567158391805776E+002  2.1101959117952163E+000
  0.00500000  24  424.91750406340498  2.6221746636473654E+003  3.0116402479034411E+002  2.9233386884377096E+003  -2.6740420733770916E+003  -4.1369388271600215E+001  9.1965082484752529E+001  0.0000000000000000E+000  9.1965082484752529E+001  2.9989230927377025E+002  7.3625166074086792E+000   -9.1655533012472983E+000  -4.0331781852571051E+000  6.9569948078182983E+002  1.8733751099537134E+001  -4.4450982574927345E+001  0.0000000000000000E+000  -3.5349642464015957E+001  0.0000000000000000E+000  0.0000000000000000E+000  9.4526211170107570E+002  2.1056477039507584E+000
  0.00500000  26  455.72941886914828  2.8302815280250975E+003  3.2622637061476024E+002  3.1565078986398576E+003  -2.9069251490315078E+003  -4.3587150516986462E+001  1.0516280875000625E+002  0.0000000000000000E+000  1.0516280875000625E+002  3.1115840784136992E+002  6.9772282200824520E+000   -9.8093030093178299E+000  -3.0678583849007608E+000  7.5610598614355467E+002  2.1426454439041976E+001  -5.0953805071041621E+001  0.0000000000000000E+000  -3.5810158707310983E+001  0.0000000000000000E+000  0.0000000000000000E+000  1.0114961921787611E+003  2.0997185402293161E+000
  0.00500000  28  485.18935144325820  3.0339890937310247E+003  3.5128615687033994E+002  3.3852752506013649E+003  -3.1393414983450784E+003  -4.5736670193498973E+001  1.1905248275633060E+002  0.0000000000000000E+000  1.1905248275633060E+002  3.1924956481911966E+002  3.4488398659109407E+000   -1.0417979147079816E+001  -5.5673738023405486E-006  8.1726789016935231E+002  2.4282432979863223E+001  -5.7858481298713507E+001  0.0000000000000000E+000  -3.5394627161544577E+001  0.0000000000000000E+000  0.0000000000000000E+000  1.0740666578210592E+003  2.0929246774044992E+000
  0.00500000  30  518.35908848442068  3.2513076571077572E+003  3.7611909616406774E+002  3.6274267532718250E+003  -3.3756159153294157E+003  -4.7807912025903626E+001  1.3358712566879134E+002  0.0000000000000000E+000  1.3358712566879134E+002  3.3759005158529442E+002  8.3206042554943451E+000   -1.1121968128055457E+001  -3.3220024678272573E+000  8.7644834117515165E+002  2.7217574314191978E+001  -6.4966955898622260E+001  0.0000000000000000E+000  -3.4994205075231925E+001  0.0000000000000000E+000  0.0000000000000000E+000  1.1466953548356132E+003  2.0910298359967907E+000
  0.00500000  32  549.28476447356763  3.4609552070716973E+003  4.0101614275492193E+002  3.8619713498266192E+003  -3.6105667367843184E+003  -4.9830849895756032E+001  1.4878453936236579E+002  0.0000000000000000E+000  1.4878453936236579E+002  3.5035830250890893E+002  9.2324822225723437E+000   -1.1767366354132177E+001  -3.6572072918271203E+000  9.3685441117551875E+002  3.0323027703481984E+001  -7.2492923800364068E+001  0.0000000000000000E+000  -3.5332583659565017E+001  0.0000000000000000E+000  0.0000000000000000E+000  1.2138157501641481E+003  2.0880551696410854E+000
  0.00500000  34  580.78894780273106  3.6728436729032578E+003  4.2579714316441158E+002  4.0986408160676692E+003  -3.8464563279042450E+003  -5.1793394816861174E+001  1.6460769779687345E+002  0.0000000000000000E+000  1.6460769779687345E+002  3.6499879114343531E+002  7.5567053346758257E+000   -1.2426761459921760E+001  -2.3771647460018905E+000  9.9695680833520782E+002  3.3550012646669281E+001  -8.0321280959092647E+001  0.0000000000000000E+000  -3.5550197303693139E+001  0.0000000000000000E+000  0.0000000000000000E+000  1.2813374482949637E+003  2.0841907663958046E+000
  0.00500000  36  612.41900256910549  3.8855415346816008E+003  4.5045213420783148E+002  4.3359936688894322E+003  -4.0828754937974604E+003  -5.3698336310851381E+001  1.8104158410784154E+002  0.0000000000000000E+000  1.8104158410784154E+002  3.8046142288895828E+002  6.2974978192894469E+000   -1.3089486569613209E+001  -1.9174539195128257E+000  1.0569980965034556E+003  3.6903048001542182E+001  -8.8462253058466686E+001  0.0000000000000000E+000  -3.5523767835729508E+001  0.0000000000000000E+000  0.0000000000000000E+000  1.3490265236656467E+003  2.0804857943995243E+000
  0.00500000  38  645.08080933701092  4.1022573475166619E+003  4.7504120112242720E+002  4.5772985486390889E+003  -4.3207478631692984E+003  -5.5559159141405324E+001  1.9807498397968206E+002  0.0000000000000000E+000  1.9807498397968206E+002  3.9906651030806734E+002  4.7934158424129691E+000   -1.3722951036890480E+001  -1.2670402458593357E+000  1.1164736251923568E+003  4.0361514853507629E+001  -9.6866859195673712E+001  0.0000000000000000E+000  -3.5425151453773893E+001  0.0000000000000000E+000  0.0000000000000000E+000  1.4191091817179170E+003  2.0775128832761314E+000
  0.00500000  40  672.86432612088061  4.3018346240370183E+003  4.9966399669074247E+002  4.8014986207277607E+003  -4.5545923127738542E+003  -5.7377748680956145E+001  2.1571931649594455E+002  0.0000000000000000E+000  2.1571931649594455E+002  4.0524787576889287E+002  2.9890638281992779E+000   -1.4282863246189191E+001  -5.8354047198178670E-006  1.1786729207842432E+003  4.4042001381895190E+001  -1.0581051497783348E+002  0.0000000000000000E+000  -3.4839175268703656E+001  0.0000000000000000E+000  0.0000000000000000E+000  1.4795647577037996E+003  2.0755208298241636E+000
  0.00500000  42  707.24688631692459  4.5252727437835856E+003  5.2407995275431199E+002  5.0493526965378978E+003  -4.7948703807110851E+003  -5.9153821796240585E+001  2.3391164955227043E+002  0.0000000000000000E+000  2.3391164955227043E+002  4.2924014358284120E+002  7.1448104016317302E+000   -1.5012160637995475E+001  -3.1789228735066590E+000  1.2371924235308643E+003  4.7709173799887253E+001  -1.1473630924238812E+002  0.0000000000000000E+000  -3.4512904345087094E+001  0.0000000000000000E+000  0.0000000000000000E+000  1.5555007525613314E+003  2.0760857081523270E+000
  0.00500000  44  737.98694310082192  4.7359763587242915E+003  5.4851415070251062E+002  5.2844905094268024E+003  -5.0322170239466141E+003  -6.0894160467623237E+001  2.5268832504309955E+002  0.0000000000000000E+000  2.5268832504309955E+002  4.4406765005566785E+002  8.9952185452557387E+000   -1.5648147738951508E+001  -4.6527062255764466E+000  1.2977553079544396E+003  5.1571838202060810E+001  -1.2413809263137858E+002  0.0000000000000000E+000  -3.4679966224365458E+001  0.0000000000000000E+000  0.0000000000000000E+000  1.6235279761615154E+003  2.0761573968521119E+000
  0.00500000  46  770.35407487073758  4.9528881318982894E+003  5.7285991110981263E+002  5.5257480430081023E+003  -5.2714767673393908E+003  -6.2600129796221808E+001  2.7201464880817815E+002  0.0000000000000000E+000  2.7201464880817815E+002  4.6368579468067378E+002  8.6759987720149638E+000   -1.6326211996601696E+001  -4.4204065642248986E+000  1.3574073987129520E+003  5.5516381337905464E+001  -1.3374659805540168E+002  0.0000000000000000E+000  -3.4827962098257046E+001  0.0000000000000000E+000  0.0000000000000000E+000  1.6948045788873164E+003  2.0759824212572235E+000
  0.00500000  48  802.69787929931749  5.1696987053273288E+003  5.9709354461407418E+002  5.7667922499414026E+003  -5.5108893772876709E+003  -6.4265945983640961E+001  2.9188072539105627E+002  0.0000000000000000E+000  2.9188072539105627E+002  4.8351765206114499E+002  6.5845937543681430E+000   -1.7001652798141826E+001  -2.9606869268921359E+000  1.4170738323939729E+003  5.9576215533706502E+001  -1.4364069838283362E+002  0.0000000000000000E+000  -3.4956655454315388E+001  0.0000000000000000E+000  0.0000000000000000E+000  1.7655967916353241E+003  2.0754686647260230E+000
  0.00500000  50  834.19430506426261  5.3839195858178646E+003  6.2136807315246961E+002  6.0052876589703337E+003  -5.7500521236524519E+003  -6.5912494400762185E+001  3.1230085195894026E+002  0.0000000000000000E+000  3.1230085195894026E+002  5.0162389287606123E+002  2.4885527514238674E+000   -1.7656093071832455E+001  -2.3209945516367271E-006  1.4772209466234610E+003  6.3769561912254353E+001  -1.5386365258858496E+002  0.0000000000000000E+000  -3.4275139814610199E+001  0.0000000000000000E+000  0.0000000000000000E+000  1.8344660561817877E+003  2.0747318159302615E+000
  0.00500000  52  869.14440029868956  5.6107875184323939E+003  6.4541960599249433E+002  6.2562071244248882E+003  -5.9925780894329564E+003  -6.7516914091300478E+001  3.3321735300092530E+002  0.0000000000000000E+000  3.3321735300092530E+002  5.2932947390155562E+002  6.3779028927974650E+000   -1.8398976493790354E+001  -2.4782070750874996E+000  1.5354146672517641E+003  6.7990451920607100E+001  -1.6416325372578635E+002  0.0000000000000000E+000  -3.3618852562314004E+001  0.0000000000000000E+000  0.0000000000000000E+000  1.9133902226720591E+003  2.0771114188531317E+000
  0.00500000  54  912.71335372104363  5.8686045278324927E+003  6.6928159104248675E+002  6.5378861188749797E+003  -6.2433121865419389E+003  -6.9097916912478397E+001  3.5461332347930897E+002  0.0000000000000000E+000  3.5461332347930897E+002  5.8008933889986872E+002  7.7509590534086783E+000   -1.9441263629667432E+001  -3.0785045362160299E+000  1.5887794520311902E+003  7.2102738706702766E+001  -1.7421516520245373E+002  0.0000000000000000E+000  -3.3767254938199329E+001  0.0000000000000000E+000  0.0000000000000000E+000  2.0097410333228324E+003  2.0788675654110529E+000
  0.00500000  56  937.90660903383855  6.0608683581425903E+003  6.9345993478750540E+002  6.7543282929300958E+003  -6.4775114558852820E+003  -7.0655457158466973E+001  3.7662161812066842E+002  0.0000000000000000E+000  3.7662161812066842E+002  5.8278299800701632E+002  7.2717960592690360E+000   -1.9852373819310294E+001  -2.5370968851417799E+000  1.6524484731622010E+003  7.6781203290051778E+001  -1.8562471733036230E+002  0.0000000000000000E+000  -3.3882375745489810E+001  0.0000000000000000E+000  0.0000000000000000E+000  2.0674590744837237E+003  2.0801341450914252E+000
  0.00500000  58  979.83056068171663  6.3134251072903480E+003  7.1726956627941865E+002  7.0306946735697666E+003  -6.7274107577429777E+003  -7.2189459674189663E+001  3.9904416649355522E+002  0.0000000000000000E+000  3.9904416649355522E+002  6.3013862264615284E+002  4.2581743147629822E+000   -2.0858991874358413E+001  -3.8233682959367240E-006  1.7067405766900154E+003  8.1137210500549841E+001  -1.9627695401363749E+002  0.0000000000000000E+000  -3.3485661020417808E+001  0.0000000000000000E+000  0.0000000000000000E+000  2.1597627404401169E+003  2.0809646385365523E+000
  0.00500000  60  1013.4008721503948  6.5361879108042831E+003  7.4114075799768159E+002  7.2773286688019643E+003  -6.9698130303211265E+003  -7.3693946308970297E+001  4.2200380104678970E+002  0.0000000000000000E+000  4.2200380104678970E+002  6.5582549321865645E+002  8.0787990789594915E+000   -2.1567596980345453E+001  -2.6565425757700254E+000  1.7657146681817251E+003  8.5811979404721754E+001  -2.0769820401798910E+002  0.0000000000000000E+000  -3.2944220022511892E+001  0.0000000000000000E+000  0.0000000000000000E+000  2.2365680163099573E+003  2.0835580071286763E+000
