# rho_B       Z   N                   tau_n                    tau_p                    tau_t                    field                     spin-orbit                coul_dir                 coul_exc                 coul_tot                 skyrme                   strut_p                   pair_n                    e_pair_bcs_p              k_e                      coul_ee                  coul_pe                   mu_n                     mu_p                      mu_e                     mu_t                     e_t                      e/a_t
  0.04000000  20  567.12319606622532  8.3888890763128038E+003  1.4852807151536845E+002  8.5374171478281714E+003  -5.7268717430468869E+003  -2.4322279874236493E+001  5.2780051714341496E+001  0.0000000000000000E+000  5.2780051714341496E+001  2.8390031766213883E+003  -1.1651470028809854E+000  -1.7326011957017451E+000  -2.2642515091201756E-007  1.0050068036055287E+003  2.3930078025608726E+001  -5.4747015033898350E+001  0.0000000000000000E+000  -5.7837717612090955E+001  0.0000000000000000E+000  0.0000000000000000E+000  3.7946484347935912E+003  6.4631213010541648E+000
  0.04000000  22  624.11485166771115  9.2374603859264262E+003  1.6325974121745125E+002  9.4007201271438771E+003  -6.3104616243054770E+003  -2.5820652709899932E+001  6.1869887968993439E+001  0.0000000000000000E+000  6.1869887968993439E+001  3.1263077380974973E+003  3.5083705515808106E+000   -1.9076312867604741E+000  -1.7715753142909187E+000  1.1053465363985054E+003  2.7960973134574211E+001  -6.4166612717599108E+001  0.0000000000000000E+000  -5.6586016067951789E+001  0.0000000000000000E+000  0.0000000000000000E+000  4.1780662529483170E+003  6.4652077953201772E+000
  0.04000000  24  680.50583501240260  1.0076268364075297E+004  1.7791542011575515E+002  1.0254183784191051E+004  -6.8894114148170183E+003  -2.7249009683251721E+001  7.1512013059825094E+001  0.0000000000000000E+000  7.1512013059825094E+001  3.4090353727506113E+003  6.1147870494319250E+000   -2.0815601998369213E+000  -2.4908390951938872E+000  1.2060323656487458E+003  3.2245553476465624E+001  -7.4192962096518343E+001  0.0000000000000000E+000  -5.7012196513358042E+001  0.0000000000000000E+000  0.0000000000000000E+000  4.5558864855942275E+003  6.4656037633126262E+000
  0.04000000  26  736.00528580459820  1.0901263855458246E+004  1.9261442592196880E+002  1.1093878281380215E+004  -7.4618916513248250E+003  -2.8643196194228743E+001  8.1702401395502747E+001  0.0000000000000000E+000  8.1702401395502747E+001  3.6850458352566625E+003  6.9798731310575022E+000   -2.2548827132122793E+000  -2.3621102612012153E+000  1.3072328435128254E+003  3.6782959478283829E+001  -8.4823655440184595E+001  0.0000000000000000E+000  -5.7358863427135589E+001  0.0000000000000000E+000  0.0000000000000000E+000  4.9262599449642212E+003  6.4648632191424165E+000
  0.04000000  28  789.14924163547255  1.1695397640547029E+004  2.0724785758436883E+002  1.1902645498131398E+004  -8.0193435744726012E+003  -2.9984966615976514E+001  9.2416651374235059E+001  0.0000000000000000E+000  9.2416651374235059E+001  3.9457336084170543E+003  6.7519405808502597E+000   -2.4231247802825253E+000  -1.8324945406358888E+000  1.4098001708512195E+003  4.1593880615441662E+001  -9.6100120524927192E+001  0.0000000000000000E+000  -5.7544618960372631E+001  0.0000000000000000E+000  0.0000000000000000E+000  5.2816182566187153E+003  6.4634683452320809E+000
  0.04000000  30  842.56836898981851  1.2495368704292889E+004  2.2172629553580393E+002  1.2717094999828692E+004  -8.5798017012405599E+003  -3.1263222371946352E+001  1.0361982110141437E+002  0.0000000000000000E+000  1.0361982110141437E+002  4.2096498973176003E+003  6.8673757883525468E+000   -2.5928349196288192E+000  -2.0108941644491938E+000  1.5122168027344048E+003  4.6631666992381383E+001  -1.0791986184370911E+002  0.0000000000000000E+000  -5.7702537832704948E+001  0.0000000000000000E+000  0.0000000000000000E+000  5.6393718619297024E+003  6.4619334332592890E+000
  0.04000000  32  895.67102359141666  1.3289389018398035E+004  2.3620859562404169E+002  1.3525597614022077E+004  -9.1375342926930080E+003  -3.2515403789949893E+001  1.1532071971330757E+002  0.0000000000000000E+000  1.1532071971330757E+002  4.4708686372524280E+003  5.7686812116280635E+000   -2.7613004135880259E+000  -1.5395109638749453E+000  1.6148256459660304E+003  5.1901325785904511E+001  -1.2029404885502053E+002  0.0000000000000000E+000  -5.7932128200775566E+001  0.0000000000000000E+000  0.0000000000000000E+000  5.9937344540024314E+003  6.4600781250425738E+000
  0.04000000  34  948.11417673290532  1.4072508760476841E+004  2.5066449582181039E+002  1.4323173256298653E+004  -9.6900107258609132E+003  -3.3737350666964481E+001  1.2750564962280851E+002  0.0000000000000000E+000  1.2750564962280851E+002  4.7269308293935865E+003  3.0129983796255146E+000   -2.9279545167249479E+000  -5.4946894385696348E-006  1.7178296725989612E+003  5.7405450642933346E+001  -1.3322664664985831E+002  0.0000000000000000E+000  -5.7878883327220706E+001  0.0000000000000000E+000  0.0000000000000000E+000  6.3424246823538306E+003  6.4579300784232290E+000
  0.04000000  36  1001.2035269347084  1.4866700967155366E+004  2.6500238595925788E+002  1.5131703353114624E+004  -1.0248092691693921E+004  -3.4915925866528184E+001  1.4014217689587494E+002  0.0000000000000000E+000  1.4014217689587494E+002  4.9888369124500505E+003  3.4263335141345124E+000   -3.0967805035281835E+000  -9.2256935635893422E-001  1.8204605855011405E+003  6.3114661886700773E+001  -1.4665180405512433E+002  0.0000000000000000E+000  -5.7676942570355934E+001  0.0000000000000000E+000  0.0000000000000000E+000  6.6970029914370134E+003  6.4567877157556426E+000
  0.04000000  38  1054.7601521647293  1.5669633639768208E+004  2.7926435848007674E+002  1.5948897998248285E+004  -1.0810680235887157E+004  -3.6063239911492126E+001  1.5322424042432493E+002  0.0000000000000000E+000  1.5322424042432493E+002  5.2553787628739619E+003  2.7235406837789924E+000   -3.2674660188230558E+000  -7.6528470229534518E-001  1.9228194980077665E+003  6.9027031514720022E+001  -1.6056455099569473E+002  0.0000000000000000E+000  -5.7725433053964657E+001  0.0000000000000000E+000  0.0000000000000000E+000  7.0556224973724693E+003  6.4558221562556843E+000
  0.04000000  40  1107.9427353019753  1.6463417731634767E+004  2.9345562374636756E+002  1.6756873355381133E+004  -1.1368685155830177E+004  -3.7177289369619054E+001  1.6675178851544877E+002  0.0000000000000000E+000  1.6675178851544877E+002  5.5177626986967871E+003  1.3356249983403359E+000   -3.4359610893259562E+000  -1.1221662882872360E-006  2.0254033184095249E+003  7.5156006315085264E+001  -1.7499320614007661E+002  0.0000000000000000E+000  -5.7220899810616231E+001  0.0000000000000000E+000  0.0000000000000000E+000  7.4099347600681676E+003  6.4549689912271901E+000
  0.04000000  42  1162.0297350143389  1.7274134437541361E+004  3.0757376544247052E+002  1.7581708202983831E+004  -1.1935300432418124E+004  -3.8266813928501939E+001  1.8070024237382236E+002  0.0000000000000000E+000  1.8070024237382236E+002  5.7888411990110253E+003  4.5847860242834031E+000   -3.6080149616243418E+000  -1.6731951482628191E+000  2.1274522619024665E+003  8.1470012023897993E+001  -1.8986798522389253E+002  0.0000000000000000E+000  -5.6697480380514364E+001  0.0000000000000000E+000  0.0000000000000000E+000  7.7743406576336483E+003  6.4561112959629741E+000
  0.04000000  44  1217.2990383169090  1.8097241544038610E+004  3.2158548389697984E+002  1.8418827027935589E+004  -1.2507946291620900E+004  -3.9321679892582722E+001  1.9506180310301465E+002  0.0000000000000000E+000  1.9506180310301465E+002  6.0666208595251210E+003  6.5262413756199749E+000   -3.7802915779437285E+000  -2.5302231092301222E+000  2.2287984452774676E+003  8.7957292107568705E+001  -2.0516250735804076E+002  0.0000000000000000E+000  -5.6865705976451295E+001  0.0000000000000000E+000  0.0000000000000000E+000  8.1440067242405612E+003  6.4568405087474883E+000
  0.04000000  46  1271.6164911396854  1.8911318514803774E+004  3.3544559027651871E+002  1.9246764105080292E+004  -1.3076141084635723E+004  -4.0335779777985245E+001  2.0982073663255852E+002  0.0000000000000000E+000  2.0982073663255852E+002  6.3401079772991407E+003  7.3885585121447548E+000   -3.9530937973413245E+000  -2.7620606578827225E+000  2.3307111919431959E+003  9.4663389037551951E+001  -2.2097284589915134E+002  0.0000000000000000E+000  -5.7018751169052457E+001  0.0000000000000000E+000  0.0000000000000000E+000  8.5091953384414373E+003  6.4572466514004825E+000
  0.04000000  48  1325.4870874527617  1.9715355921639872E+004  3.4946733004027215E+002  2.0064823251680144E+004  -1.3639696989174799E+004  -4.1372384411717391E+001  2.2502961102416560E+002  0.0000000000000000E+000  2.2502961102416560E+002  6.6087834891177899E+003  7.3084943830954217E+000   -4.1232688572980507E+000  -2.4807101000582281E+000  2.4328909225297930E+003  1.0157494289962246E+002  -2.3727495489441330E+002  0.0000000000000000E+000  -5.7133009199094147E+001  0.0000000000000000E+000  0.0000000000000000E+000  8.8691264510785295E+003  6.4573788367632909E+000
  0.04000000  50  1379.1603713044733  2.0518845153322676E+004  3.6337105661552994E+002  2.0882216209938208E+004  -1.4202996919708792E+004  -4.2377201363186749E+001  2.4062497487188207E+002  0.0000000000000000E+000  2.4062497487188207E+002  6.8774670637381096E+003  6.5326562002846913E+000   -4.2941976423264139E+000  -1.7716312540644508E+000  2.5351895449664512E+003  1.0868380617609445E+002  -2.5404555285629525E+002  0.0000000000000000E+000  -5.7149388975903065E+001  0.0000000000000000E+000  0.0000000000000000E+000  9.2286445393282502E+003  6.4573890548831399E+000
  0.04000000  52  1432.9435493830854  2.1325974823387358E+004  3.7705161687961453E+002  2.1703026440266971E+004  -1.4767918374576269E+004  -4.3330061645529319E+001  2.5657868381662871E+002  0.0000000000000000E+000  2.5657868381662871E+002  7.1483566878618158E+003  6.7011025147967302E+000   -4.4663678408443568E+000  -2.1172073908047708E+000  2.6374236984953041E+003  1.1597977333973724E+002  -2.7125993137561733E+002  0.0000000000000000E+000  -5.7161974421139803E+001  0.0000000000000000E+000  0.0000000000000000E+000  9.5899359196064543E+003  6.4573986889998718E+000
  0.04000000  54  1486.6871560247423  2.2128583207833643E+004  3.9090693819489104E+002  2.2519490146028533E+004  -1.5330945745425835E+004  -4.4310766534433291E+001  2.7296420931960847E+002  0.0000000000000000E+000  2.7296420931960847E+002  7.4171978433878767E+003  6.1312377998447118E+000   -4.6370866467513840E+000  -2.0023004667692814E+000  2.7396824922920932E+003  1.2346413206469916E+002  -2.8892747150081186E+002  0.0000000000000000E+000  -5.7253195780473433E+001  0.0000000000000000E+000  0.0000000000000000E+000  9.9486623249301774E+003  6.4572890648380303E+000
  0.04000000  56  1539.9585337678666  2.2926882632027227E+004  4.0465139206124371E+002  2.3331534024088473E+004  -1.5891839553866652E+004  -4.5263551678907838E+001  2.8971760498331821E+002  0.0000000000000000E+000  2.8971760498331821E+002  7.6841485235262244E+003  4.6185038226076358E+000   -4.8077174731490251E+000  -1.2896094943463705E+000  2.8422252523157968E+003  1.3114645735220424E+002  -3.0706282032084601E+002  0.0000000000000000E+000  -5.7357319440214845E+001  0.0000000000000000E+000  0.0000000000000000E+000  1.0305167381728492E+004  6.4570395556603879E+000
  0.04000000  58  1592.8994257834845  2.3720636414534390E+004  4.1830181011710943E+002  2.4138938224651502E+004  -1.6450451446890907E+004  -4.6191809783544514E+001  3.0683842788269914E+002  0.0000000000000000E+000  3.0683842788269914E+002  7.9491333958597515E+003  2.1769819174687655E+000   -4.9781558115349327E+000  -1.1558480403712554E-006  2.9449679504408487E+003  1.3902147954239445E+002  -3.2565441405416578E+002  0.0000000000000000E+000  -5.6866305866254834E+001  0.0000000000000000E+000  0.0000000000000000E+000  1.0659291342738914E+004  6.4566570054285632E+000
  0.04000000  60  1647.7227633461046  2.4542886918442957E+004  4.3174471702073680E+002  2.4974631635463695E+004  -1.7023017022239819E+004  -4.7078348881369422E+001  3.2427942167927711E+002  0.0000000000000000E+000  3.2427942167927711E+002  8.2288156860217805E+003  4.3403067605322576E+000   -5.1527830801373442E+000  -1.1965561583362065E+000  3.0465811650589685E+003  1.4702414953552363E+002  -3.4455805290316675E+002  0.0000000000000000E+000  -5.6322028867036913E+001  0.0000000000000000E+000  0.0000000000000000E+000  1.1028913335236148E+004  6.4576058118165225E+000
