# rho_B       Z   N                   R_WS                rho_gas_n                rho_liq_n                r_n                 a_n                  gamma_n             rho_gas_p           rho_liq_p                r_p                 a_p                  gamma_p
  0.00025000  40  95.267466580731281  50.550048826532958  1.0755915861536925E-005  9.7695781176621282E-002  5.8081570306302730  0.62879272741033954  1.0000000000000000  0.0000000000000000  5.2640677384421658E-002  5.5513445615770323  0.43415087271002839  1.0000000000000000
  0.00050000  40  179.01790989514927  47.112954359490324  1.9593265991006947E-004  9.8242896390288242E-002  5.8781556565898665  0.64057534030199337  1.0000000000000000  0.0000000000000000  5.1300613198597002E-002  5.6008487247220629  0.43475115196763137  1.0000000000000000
  0.00075000  40  248.95242906486507  45.139716344383920  3.9814407315528989E-004  9.8570065846385835E-002  5.9234750601040442  0.64787542824077815  1.0000000000000000  0.0000000000000000  5.0432544545701577E-002  5.6336590776132098  0.43551442019218900  1.0000000000000000
  0.00100000  40  307.61418391101262  43.618389523886904  6.0446288206129092E-004  9.8821802533168968E-002  5.9611398761368033  0.65374381372299983  1.0000000000000000  0.0000000000000000  4.9715586890131135E-002  5.6612530444080242  0.43630957441197249  1.0000000000000000
  0.00125000  40  358.64530642035726  42.383421278284438  8.1356004228554861E-004  9.9030577208205683E-002  5.9945495610304569  0.65882344529196568  1.0000000000000000  0.0000000000000000  4.9083549019118926E-002  5.6859708719177799  0.43712393716383802  1.0000000000000000
  0.00150000  40  404.24171775879574  41.350410357031741  1.0248566484840345E-003  9.9209808665576715E-002  6.0251184616736344  0.66338374505152597  1.0000000000000000  0.0000000000000000  4.8509195102316639E-002  5.7087656117861592  0.43795087452426451  1.0000000000000000
  0.00175000  40  442.26507422310493  40.369470316205437  1.2343313204703406E-003  9.9364739845692898E-002  6.0531369935994173  0.66750871649776478  1.0000000000000000  0.0000000000000000  4.7986123616827234E-002  5.7298106048529203  0.43877409965070790  1.0000000000000000
  0.00200000  40  478.41508127663127  39.553629459932466  1.4467208430244940E-003  9.9503878056356743E-002  6.0797437100539078  0.67137952778128429  1.0000000000000000  0.0000000000000000  4.7492570196770896E-002  5.7499253622968185  0.43961134766863380  1.0000000000000000
  0.00225000  40  510.32689080536153  38.795665159142480  1.6586627242540298E-003  9.9628105239461306E-002  6.1048499334017290  0.67499466123368279  1.0000000000000000  0.0000000000000000  4.7029711289081649E-002  5.7690237481047095  0.44044738954614066  1.0000000000000000
  0.00250000  40  539.31805600225130  38.103319780877051  1.8708574355235466E-003  9.9740569507850832E-002  6.1287955867641823  0.67841874729531182  1.0000000000000000  0.0000000000000000  4.6590990080086596E-002  5.7873416752397180  0.44128436941002813  1.0000000000000000
  0.00275000  40  565.01852254903622  37.449767217247192  2.0823783474212612E-003  9.9842623172291742E-002  6.1516370593624305  0.68166256218613641  1.0000000000000000  0.0000000000000000  4.6174908294929165E-002  5.8049104858353040  0.44212310958915740  1.0000000000000000
  0.00300000  40  590.96227139831285  36.891912995045928  2.2966122121456638E-003  9.9937009443574309E-002  6.1739095009031404  0.68480843936203140  1.0000000000000000  0.0000000000000000  4.5771746706326472E-002  5.8221225958337062  0.44297281419333479  1.0000000000000000
  0.00325000  40  613.94173393289793  36.351502110493229  2.5097796517968515E-003  0.10002288583370471      6.1952935454938221  0.68780705880486903  1.0000000000000000  0.0000000000000000  4.5386892094462887E-002  5.8387310470567142  0.44381675431116296  1.0000000000000000
  0.00350000  40  635.08608657584148  35.842709681379205  2.7228052274601480E-003  0.10010229334841689      6.2159792751473288  0.69070319612594755  1.0000000000000000  0.0000000000000000  4.5016667040805716E-002  5.8548726740048247  0.44466515011706775  1.0000000000000000
  0.00375000  40  654.87301926736768  35.366753110274118  2.9359870220819198E-003  0.10017546670513283      6.2360749863266491  0.69350141956269418  1.0000000000000000  0.0000000000000000  4.4659067670724195E-002  5.8706238759608871  0.44551135343883413  1.0000000000000000
  0.00400000  40  673.11334782228460  34.914298582726424  3.1488957784046611E-003  0.10024306080216744      6.2556215203290417  0.69621793540529686  1.0000000000000000  0.0000000000000000  4.4313290099443500E-002  5.8860041858337491  0.44636027675244050  1.0000000000000000
  0.00425000  40  690.77483696524496  34.495995442151376  3.3624999127526453E-003  0.10030583838055833      6.2747200697261194  0.69886176187724458  1.0000000000000000  0.0000000000000000  4.3977269351621891E-002  5.9010952258256282  0.44721268761545019  1.0000000000000000
  0.00450000  40  704.12607712253691  34.049844563157755  3.5721599759526959E-003  0.10036304124159795      6.2930065456782209  0.70138464970518699  1.0000000000000000  0.0000000000000000  4.3657360845824958E-002  5.9155970424017905  0.44805089370240514  1.0000000000000000
  0.00475000  40  724.90894867784721  33.750160381343797  3.7920008599993237E-003  0.10041838850188596      6.3117801938195051  0.70396583139447400  1.0000000000000000  0.0000000000000000  4.3330530483046206E-002  5.9305536638503451  0.44892791748091054  1.0000000000000000
  0.00500000  40  737.31370738793476  33.356404947305698  4.0026403186808899E-003  0.10046803649924446      6.3293706332927284  0.70638455036829906  1.0000000000000000  0.0000000000000000  4.3026064051328181E-002  5.9446135809200129  0.44977167581026506  1.0000000000000000
  0.00525000  40  750.78981401345993  33.006873188763429  4.2155120932060933E-003  0.10051441961854207      6.3468077152589739  0.70877352529797799  1.0000000000000000  0.0000000000000000  4.2725927755965246E-002  5.9585967320300552  0.45062601019518139  1.0000000000000000
  0.00550000  40  763.89305540390615  32.677512745040453  4.4287747366536503E-003  0.10055771653533788      6.3639636321403961  0.71112651516924519  1.0000000000000000  0.0000000000000000  4.2432062335625867E-002  5.9724094795531748  0.45148192521113600  1.0000000000000000
  0.00575000  40  776.29344406422865  32.361597463252764  4.6419589693030882E-003  0.10059767937016488      6.3807712288480687  0.71341608285815794  1.0000000000000000  0.0000000000000000  4.2145656231938881E-002  5.9859875265381604  0.45233878619014689  1.0000000000000000
  0.00600000  40  788.17456952996520  32.059790273116000  4.8551965325070228E-003  0.10063517533081787      6.3973306743830767  0.71568231958826800  1.0000000000000000  0.0000000000000000  4.1864978531389430E-002  5.9994076797375300  0.45319875165708645  1.0000000000000000
  0.00625000  40  799.18579150337575  31.766046342718624  5.0679864537552001E-003  0.10066929231374463      6.4135556663673690  0.71788385651819375  1.0000000000000000  0.0000000000000000  4.1591347824522118E-002  6.0126006107220222  0.45405736653488482  1.0000000000000000
  0.00650000  40  810.13311010073073  31.489202009245805  5.2813274961159224E-003  0.10070152077180849      6.4296071384351423  0.72007058040261074  1.0000000000000000  0.0000000000000000  4.1322023643692682E-002  6.0256948012569920  0.45491925968804081  1.0000000000000000
  0.00675000  40  820.30586437647116  31.219084776254242  5.4942338348736566E-003  0.10073086474777501      6.4453458200300489  0.72220061687546355  1.0000000000000000  0.0000000000000000  4.1059274719359211E-002  6.0385724475913101  0.45578166189002445  1.0000000000000000
  0.00700000  40  830.11254430897031  30.959665530791657  5.7071881173935213E-003  0.10075819644218892      6.4608833572057840  0.72430610348591862  1.0000000000000000  0.0000000000000000  4.0801109805633791E-002  6.0513291503661115  0.45664387117934169  1.0000000000000000
  0.00725000  40  839.64614549350017  30.710988546936488  5.9202836654579588E-003  0.10078355380286061      6.4762440952571581  0.72639369813329846  1.0000000000000000  0.0000000000000000  4.0547229971065656E-002  6.0639734901070508  0.45751122358315460  1.0000000000000000
  0.00750000  40  846.94903971422889  30.449693937648913  6.1305929149343824E-003  0.10080622013388027      6.4911546036216636  0.72840191082405015  1.0000000000000000  0.0000000000000000  4.0301924071199965E-002  6.0762862266297564  0.45836697329813209  1.0000000000000000
  0.00775000  40  857.23541802505315  30.234679250509028  6.3458637093374171E-003  0.10082762938801379      6.5062522203935220  0.73044016659943067  1.0000000000000000  0.0000000000000000  4.0054682223967401E-002  6.0887942206678058  0.45924358705428070  1.0000000000000000
  0.00800000  40  865.71277842423035  30.010320456678578  6.5588776220360471E-003  0.10084701605736511      6.5210076329116102  0.73242976392529313  1.0000000000000000  0.0000000000000000  3.9814271361430849E-002  6.1010502370015809  0.46011422664486928  1.0000000000000000
  0.00825000  40  873.89469386418978  29.793248979077781  6.7718842206097212E-003  0.10086466293658101      6.5355847574635373  0.73439396940050439  1.0000000000000000  0.0000000000000000  3.9577831841299649E-002  6.1131962569589398  0.46098589184380939  1.0000000000000000
  0.00850000  40  881.62918989026377  29.581230039224888  6.9846079080723711E-003  0.10088062973429938      6.5499798117251551  0.73633078316853129  1.0000000000000000  0.0000000000000000  3.9345535631942326E-002  6.1252192560096486  0.46185885234522817  1.0000000000000000
  0.00875000  40  889.17508766252558  29.376516699121421  7.1974325624973665E-003  0.10089494809648630      6.5642257426946058  0.73824290119948088  1.0000000000000000  0.0000000000000000  3.9116696604881922E-002  6.1371528329846115  0.46273252620926714  1.0000000000000000
  0.00900000  40  896.40549853977302  29.177244776090095  7.4101295788336847E-003  0.10090777186520485      6.5783070053854562  0.74013361128734867  1.0000000000000000  0.0000000000000000  3.8891581075521792E-002  6.1489781636655731  0.46360943096301560  1.0000000000000000
  0.00925000  40  903.34754511016331  28.983252954000953  7.6227122982796564E-003  0.10091913642426728      6.5922412406744177  0.74200161955797472  1.0000000000000000  0.0000000000000000  3.8669837964680619E-002  6.1607119808589914  0.46448789818680719  1.0000000000000000
  0.00950000  40  910.11313674384667  28.795262112591399  7.8353541019058094E-003  0.10092910780502841      6.6060319817600508  0.74384694086955161  1.0000000000000000  0.0000000000000000  3.8451322640817603E-002  6.1723592395310192  0.46536808194536439  1.0000000000000000
  0.00975000  40  916.69138619909540  28.612746438801100  8.0480093515277271E-003  0.10093777595452794      6.6196982856728059  0.74567318586214304  1.0000000000000000  0.0000000000000000  3.8235781214704251E-002  6.1839318057722750  0.46624892854252054  1.0000000000000000
  0.01000000  40  923.18186119275481  28.436309253080015  8.2608409753818918E-003  0.10094518445808537      6.6332458720742862  0.74748417269063872  1.0000000000000000  0.0000000000000000  3.8023105685291228E-002  6.1954309464890009  0.46713510074998110  1.0000000000000000
  0.01025000  40  927.95326114071440  28.249708503733089  8.4709222068437510E-003  0.10095122251786923      6.6464953876970689  0.74925023658622991  1.0000000000000000  0.0000000000000000  3.7816104864426006E-002  6.2067022178263489  0.46801159160444283  1.0000000000000000
  0.01050000  40  935.01308102793746  28.091666980433647  8.6853620169169941E-003  0.10095647023607190      6.6599408870274406  0.75105400555257940  1.0000000000000000  0.0000000000000000  3.7606931406107991E-002  6.2181737040762677  0.46890782538006415  1.0000000000000000
  0.01075000  40  943.23278783975275  27.950296952508165  8.9023423210103005E-003  0.10095989630572405      6.6733587715974814  0.75282494960575019  1.0000000000000000  0.0000000000000000  3.7398976130698994E-002  6.2296590160882026  0.46981368539142709  1.0000000000000000
  0.01100000  40  946.61876503500866  27.768730499835293  9.1106915477215233E-003  0.10096273979364868      6.6861534806536653  0.75452924898497276  1.0000000000000000  0.0000000000000000  3.7201675046628031E-002  6.2406305904378625  0.47068819924090077  1.0000000000000000
  0.01125000  40  951.69833347193753  27.608712262072270  9.3223933203241214E-003  0.10096444944978766      6.6990638661508815  0.75623868306518183  1.0000000000000000  0.0000000000000000  3.7003406823384905E-002  6.2517315216723013  0.47157911566807670  1.0000000000000000
  0.01150000  40  956.31766226152195  27.449669926654021  9.5334551604271973E-003  0.10096494158178464      6.7118327761041172  0.75793298256130903  1.0000000000000000  0.0000000000000000  3.6808329098047751E-002  6.2627270258001912  0.47247109362465911  1.0000000000000000
  0.01175000  40  962.28096956855302  27.307860115231694  9.7473183861636944E-003  0.10096482327927031      6.7247161140605591  0.75965351351585042  1.0000000000000000  0.0000000000000000  3.6612300430971328E-002  6.2738530817151261  0.47337705727115298  1.0000000000000000
  0.01200000  40  967.23434595773927  27.161487914486489  9.9595577703789802E-003  0.10096316885787542      6.7373199797257737  0.76130274688240140  1.0000000000000000  0.0000000000000000  3.6421164138512464E-002  6.2847742645234597  0.47427473583521040  1.0000000000000000
  0.01225000  40  971.98005995774656  27.017744213717222  1.0171575253385422E-002  0.10096096168032039      6.7498614161249932  0.76296066455424272  1.0000000000000000  0.0000000000000000  3.6231939102909942E-002  6.2956582292795362  0.47517691825329134  1.0000000000000000
  0.01250000  40  976.88069814411176  26.879661412236370  1.0384089265054377E-002  0.10095806572094494      6.7623920674686628  0.76462842291455657  1.0000000000000000  0.0000000000000000  3.6043760002380347E-002  6.3065551630690324  0.47608505880462093  1.0000000000000000
  0.01275000  40  982.28795125419163  26.750063422757552  1.0597975122035199E-002  0.10095363548370195      6.7748208778342338  0.76624583537015278  1.0000000000000000  0.0000000000000000  3.5857647455146559E-002  6.3174039456612432  0.47699632183688329  1.0000000000000000
  0.01300000  40  986.02621674871887  26.609834007706272  1.0808593627983337E-002  0.10094884183223753      6.7870270094453087  0.76785234467006358  1.0000000000000000  0.0000000000000000  3.5675882316949709E-002  6.3280678940199078  0.47790085797690018  1.0000000000000000
  0.01325000  40  990.46401052897136  26.479479677370787  1.1020809206628119E-002  0.10094339203543154      6.7993002724272547  0.76948134883815156  1.0000000000000000  0.0000000000000000  3.5493902686868216E-002  6.3388157291220004  0.47881572586998455  1.0000000000000000
  0.01350000  40  994.60561896042464  26.350214304326617  1.1232711385366080E-002  0.10093664153635784      6.8113697668181832  0.77104391730872224  1.0000000000000000  0.0000000000000000  3.5315470392681014E-002  6.3494221935644815  0.47972588430100843  1.0000000000000000
  0.01375000  40  998.82452293362621  26.225088467686103  1.1444922579363623E-002  0.10092934941218445      6.8234352911889529  0.77262412836274974  1.0000000000000000  0.0000000000000000  3.5138017046179935E-002  6.3600377482434762  0.48064495958719100  1.0000000000000000
  0.01400000  40  1002.8478876823865  26.101658718984559  1.1656843091739925E-002  0.10092185740459378      6.8354636038714789  0.77421910275663375  1.0000000000000000  0.0000000000000000  3.4961875624452993E-002  6.3706433963600420  0.48156817200674074  1.0000000000000000
  0.01425000  40  1006.9340079297821  25.981962078902754  1.1869215987500787E-002  0.10091263645580167      6.8473470315102336  0.77574498477746445  1.0000000000000000  0.0000000000000000  3.4788423989246593E-002  6.3811544348970957  0.48248846867229706  1.0000000000000000
  0.01450000  40  1009.1371485760386  25.849881180310746  1.2077484317804338E-002  0.10090345871713371      6.8589795336848347  0.77726290413292187  1.0000000000000000  0.0000000000000000  3.4619475733885241E-002  6.3914565236409118  0.48339779383683001  1.0000000000000000
  0.01475000  40  1015.0067088613910  25.750847717396468  1.2294198104423547E-002  0.10089290347722532      6.8710288879351555  0.77882596977851448  1.0000000000000000  0.0000000000000000  3.4445080107468787E-002  6.4021600805377874  0.48434518941124338  1.0000000000000000
  0.01500000  40  1018.3218559655561  25.633778792340959  1.2505318111786555E-002  0.10088221033315090      6.8826938138658313  0.78034315072278115  1.0000000000000000  0.0000000000000000  3.4277048300505548E-002  6.4125364173095774  0.48527471100867081  1.0000000000000000
  0.01525000  40  1021.8671471514260  25.521365691109402  1.2717052078659261E-002  0.10087137739759119      6.8943931322398662  0.78188652334707620  1.0000000000000000  0.0000000000000000  3.4109250427104554E-002  6.4229654254857387  0.48621058674347911  1.0000000000000000
  0.01550000  40  1025.4966859915828  25.412297557558549  1.2929307936066083E-002  0.10085866082243458      6.9059449920425671  0.78335353742272762  1.0000000000000000  0.0000000000000000  3.3944027744780655E-002  6.4332988142999810  0.48714343721020759  1.0000000000000000
  0.01575000  40  1028.9613728977758  25.304491525746037  1.3141185572854963E-002  0.10084640945999379      6.9175408693794447  0.78488000586081474  1.0000000000000000  0.0000000000000000  3.3779128374940605E-002  6.4436751758932607  0.48808842936309144  1.0000000000000000
  0.01600000  40  1032.3491260885653  25.198568519545866  1.3353205205960545E-002  0.10083268520033570      6.9289598040748022  0.78632684658179686  1.0000000000000000  0.0000000000000000  3.3617101340820139E-002  6.4539352582582250  0.48902605377338404  1.0000000000000000
  0.01625000  40  1035.3917775784357  25.092364000815586  1.3564378336108639E-002  0.10081934479743730      6.9404098744609355  0.78783063281895294  1.0000000000000000  0.0000000000000000  3.3455648814432963E-002  6.4642210601672279  0.48997386908354418  1.0000000000000000
  0.01650000  40  1039.0960265266831  24.993620999990103  1.3777504378415722E-002  0.10080428856858273      6.9517792712660018  0.78926276506183723  1.0000000000000000  0.0000000000000000  3.3295601664225564E-002  6.4744811761829144  0.49092285736111485  1.0000000000000000
  0.01675000  40  1042.1569002332112  24.892142056064124  1.3989023886036017E-002  0.10078977483432730      6.9631502512034071  0.79075380145810825  1.0000000000000000  0.0000000000000000  3.3136540775450370E-002  6.4847397071767059  0.49187958044368379  1.0000000000000000
  0.01700000  40  1045.0252046520795  24.791383603895920  1.4200395289449948E-002  0.10077387722037426      6.9743190022179053  0.79215499927834276  1.0000000000000000  0.0000000000000000  3.2980534022566274E-002  6.4948643136206625  0.49282573563170995  1.0000000000000000
  0.01725000  40  1048.1058202037766  24.694361882273601  1.4412252450585653E-002  0.10075817234148224      6.9856160786302564  0.79363079363843703  1.0000000000000000  0.0000000000000000  3.2823829980225670E-002  6.5050944232674794  0.49379073470097912  1.0000000000000000
  0.01750000  40  1051.2023192279230  24.599495897173291  1.4624501235575496E-002  0.10074110589675804      6.9967362017892754  0.79501957415958879  1.0000000000000000  0.0000000000000000  3.2669763900951387E-002  6.5152144743956271  0.49474854559866133  1.0000000000000000
  0.01775000  40  1054.0742971792974  24.504919653770898  1.4836106749488662E-002  0.10072447487810221      7.0079359632738880  0.79647943560139534  1.0000000000000000  0.0000000000000000  3.2515643068927139E-002  6.5253990103149615  0.49571874825716716  1.0000000000000000
  0.01800000  40  1056.9896550136727  24.412587105218911  1.5048187414901297E-002  0.10070635068760123      7.0189566060071495  0.79784910701824507  1.0000000000000000  0.0000000000000000  3.2364190411173020E-002  6.5354680279594159  0.49668235330591537  1.0000000000000000
  0.01825000  40  1059.7192437265628  24.320739846663272  1.5259696277585836E-002  0.10068876804711413      7.0300651611033436  0.79929476336285143  1.0000000000000000  0.0000000000000000  3.2212556000131218E-002  6.5456085746785009  0.49766060069835627  1.0000000000000000
  0.01850000  40  1062.6475168267782  24.232159672464839  1.5472103689767903E-002  0.10066964591792316      7.0410193978992073  0.80064800619328136  1.0000000000000000  0.0000000000000000  3.2063174082226399E-002  6.5556601122546176  0.49863189176266653  1.0000000000000000
  0.01875000  40  1066.2546091387376  24.150255916775500  1.5686384172041226E-002  0.10065014873918836      7.0521201426003257  0.80204926612502758  1.0000000000000000  0.0000000000000000  3.1912627248145843E-002  6.5658514642675812  0.49962075006726636  1.0000000000000000
  0.01900000  40  1067.5934420313881  24.053561445430624  1.5894509018224281E-002  0.10063168825049656      7.0629359525951259  0.80345805683353488  1.0000000000000000  0.0000000000000000  3.1766816525545201E-002  6.5757776864232316  0.50059619008216782  1.0000000000000000
  0.01925000  40  1070.3866645301866  23.969094707586855  1.6106976141037680E-002  0.10061109549852545      7.0737784487822015  0.80478460051866874  1.0000000000000000  0.0000000000000000  3.1620677736040131E-002  6.5857889486600154  0.50157656043886201  1.0000000000000000
  0.01950000  40  1072.8865893041884  23.884119171413477  1.6318506222491640E-002  0.10059125891603418      7.0847068235715351  0.80620147953802190  1.0000000000000000  0.0000000000000000  3.1474454021982227E-002  6.5958625020974768  0.50257458089696705  1.0000000000000000
  0.01975000  40  1075.4247967396702  23.800981232846087  1.6530539466156357E-002  0.10056986222062111      7.0954556899643499  0.80750852328523737  1.0000000000000000  0.0000000000000000  3.1330790023416946E-002  6.6058206618950379  0.50356108743002825  1.0000000000000000
  0.02000000  40  1078.0391312507338  23.719897047197598  1.6742644732878505E-002  0.10054912230942539      7.1063527460876585  0.80891743789443260  1.0000000000000000  0.0000000000000000  3.1186230470721717E-002  6.6158969280057729  0.50457115240497508  1.0000000000000000
  0.02025000  40  1080.3711772843271  23.638292207145774  1.6954359755549701E-002  0.10052689393062578      7.1170149220645076  0.81021047334536722  1.0000000000000000  0.0000000000000000  3.1044755459996146E-002  6.6258196447960280  0.50556364649429830  1.0000000000000000
  0.02050000  40  1082.5028436912728  23.556729401302967  1.7165475227890952E-002  0.10050492665567090      7.1277037784581454  0.81154566602309652  1.0000000000000000  0.0000000000000000  3.0903768519959247E-002  6.6357652672036735  0.50656477017219581  1.0000000000000000
  0.02075000  40  1084.8319197660765  23.477957234544323  1.7377119510524609E-002  0.10048299327832663      7.1384959492317925  0.81293640259056643  1.0000000000000000  0.0000000000000000  3.0762292293727626E-002  6.6458017756118970  0.50758478778101068  1.0000000000000000
  0.02100000  40  1087.1727056266668  23.400628390829233  1.7589239067441208E-002  0.10045954097540498      7.1490850254396410  0.81420814668481833  1.0000000000000000  0.0000000000000000  3.0623453494553237E-002  6.6557123561675198  0.50858942123917128  1.0000000000000000
  0.02125000  40  1093.2293293620432  23.350172187278901  1.7812399244702574E-002  0.10043460098116851      7.1603197569626857  0.81559916654164133  1.0000000000000000  0.0000000000000000  3.0476955972268707E-002  6.6662314074307236  0.50966282782111672  1.0000000000000000
  0.02150000  40  1091.6996897650649  23.248844668682860  1.8013074764333854E-002  0.10041263490007017      7.1703591359524044  0.81684851748957577  1.0000000000000000  0.0000000000000000  3.0346768583968606E-002  6.6756313009191253  0.51063205836173609  1.0000000000000000
  0.02175000  40  1093.7812924577638  23.173615958361864  1.8224622010758269E-002  0.10038860369937494      7.1809433583414268  0.81815740328487574  1.0000000000000000  0.0000000000000000  3.0209929937216221E-002  6.6855696842121937  0.51165644243408570  1.0000000000000000
  0.02200000  40  1095.7726121042185  23.099010021306999  1.8435823005259155E-002  0.10036489505841406      7.1915922384374324  0.81952486767173416  1.0000000000000000  0.0000000000000000  3.0073157620938349E-002  6.6955571634879671  0.51269904226514518  1.0000000000000000
  0.02225000  40  1098.0531659256021  23.027562809606664  1.8648401326736386E-002  0.10033947275686991      7.2020686158503775  0.82076424401029202  1.0000000000000000  0.0000000000000000  2.9938449687945838E-002  6.7054569891358691  0.51372445129958466  1.0000000000000000
  0.02250000  40  1099.9450295481179  22.954663320706072  1.8859705071712911E-002  0.10031444779837120      7.2125703334882090  0.82205501338081022  1.0000000000000000  0.0000000000000000  2.9804298033414681E-002  6.7153707250774399  0.51476054186901643  1.0000000000000000
  0.02275000  40  1101.7931706110528  22.882623250952651  1.9070774870382879E-002  0.10028977258305891      7.2231531168832630  0.82341165277846073  1.0000000000000000  0.0000000000000000  2.9670012326299580E-002  6.7253480081996644  0.51581614718136837  1.0000000000000000
  0.02300000  40  1103.8412462587605  22.813036877829475  1.9282989538932455E-002  0.10026332038688548      7.2335443702947675  0.82463021669342351  1.0000000000000000  0.0000000000000000  2.9537975108757452E-002  6.7352200155295634  0.51685429361653701  1.0000000000000000
  0.02325000  40  1106.7509637078747  22.750233009085640  1.9497887075089110E-002  0.10023658698300048      7.2441748999828501  0.82592681021003100  1.0000000000000000  0.0000000000000000  2.9403826271783170E-002  6.7453067716062121  0.51792245899391909  1.0000000000000000
  0.02350000  40  1107.4843590323103  22.674102260828384  1.9705683075854061E-002  0.10021146093268540      7.2545394456504653  0.82725540802052988  1.0000000000000000  0.0000000000000000  2.9273913176285499E-002  6.7551273111877812  0.51897583173830997  1.0000000000000000
  0.02375000  40  1109.4374912153580  22.607075170780490  1.9917944377415484E-002  0.10018400169056074      7.2648752607717171  0.82845554240806329  1.0000000000000000  0.0000000000000000  2.9144169996711489E-002  6.7649965309666023  0.52002713867409489  1.0000000000000000
  0.02400000  40  1112.7660214605073  22.550029028983200  2.0134630360684587E-002  0.10015598438419403      7.2755463817775627  0.82975246287164572  1.0000000000000000  0.0000000000000000  2.9011053779167583E-002  6.7751801110753842  0.52111874949953407  1.0000000000000000
  0.02425000  40  1112.7333540091706  22.472057413266082  2.0340111740364139E-002  0.10013028590279104      7.2857533727888546  0.83105785192329107  1.0000000000000000  0.0000000000000000  2.8884753531375085E-002  6.7848921360030854  0.52217638429165081  1.0000000000000000
  0.02450000  40  1114.7859138582558  22.408644904538651  2.0553054836612579E-002  0.10010181505789904      7.2960690605493124  0.83224596245260896  1.0000000000000000  0.0000000000000000  2.8756744523806974E-002  6.7947988898924763  0.52324363038480137  1.0000000000000000
  0.02475000  40  1117.4722059703129  22.350243184513079  2.0768027934467213E-002  0.10007313239759139      7.3066090418277385  0.83351745357115414  1.0000000000000000  0.0000000000000000  2.8626891203344728E-002  6.8049043489121050  0.52434119492566356  1.0000000000000000
  0.02500000  40  1118.0349722544631  22.279102200020322  2.0975661337728147E-002  0.10004615103028568      7.3169002089851887  0.83483106483654845  1.0000000000000000  0.0000000000000000  2.8501128194476085E-002  6.8147415613733306  0.52542716487069752  1.0000000000000000
  0.02525000  40  1119.6683337935706  22.215764800603779  2.1187534109137214E-002  0.10001684603009231      7.3271185567534367  0.83599503336715109  1.0000000000000000  0.0000000000000000  2.8375867272104789E-002  6.8246034665522854  0.52650239249940578  1.0000000000000000
  0.02550000  40  1121.4375488594765  22.154180558304677  2.1399718389579221E-002  9.9987841077949294E-002  7.3374805925351758  0.83724390814206640  1.0000000000000000  0.0000000000000000  2.8249749306972743E-002  6.8345862301535769  0.52760212107377225  1.0000000000000000
  0.02575000  40  1122.7657641437893  22.090665411817405  2.1610193752896259E-002  9.9959504773933200E-002  7.3478914272922733  0.83856776784000586  1.0000000000000000  0.0000000000000000  2.8124071267745451E-002  6.8445856367627815  0.52872004824676244  1.0000000000000000
  0.02600000  40  1124.3524944035171  22.029645414640299  2.1822222709693358E-002  9.9929281743977069E-002  7.3580839015730364  0.83971917035565791  1.0000000000000000  0.0000000000000000  2.8000620258881826E-002  6.8544729914617442  0.52981050205465896  1.0000000000000000
  0.02625000  40  1126.0644471097914  21.970243940127073  2.2034523182068333E-002  9.9899344454386987E-002  7.3684259837982413  0.84095726799953852  1.0000000000000000  0.0000000000000000  2.7876295300665956E-002  6.8644835992370146  0.53092632232537162  1.0000000000000000
  0.02650000  40  1127.4100383578757  21.909357743333253  2.2245314781719733E-002  9.9870074697122543E-002  7.3788397867870410  0.84228149622958415  1.0000000000000000  0.0000000000000000  2.7752161223277734E-002  6.8745292364495203  0.53206522450515004  1.0000000000000000
  0.02675000  40  1128.7592964567077  21.849301666754460  2.2456814090515705E-002  9.9839158077213164E-002  7.3889742489907260  0.84341528947765765  1.0000000000000000  0.0000000000000000  2.7630878159873147E-002  6.8844109299414242  0.53316682805519244  1.0000000000000000
  0.02700000  40  1130.1899175558945  21.790540000103160  2.2668400391276100E-002  9.9808478185959421E-002  7.3992635785604115  0.84464252559135056  1.0000000000000000  0.0000000000000000  2.7508704328719262E-002  6.8944178137766468  0.53429492137655221  1.0000000000000000
  0.02725000  40  1131.6633660163091  21.732811430226747  2.2879908833075141E-002  9.9778433124982815E-002  7.4097002167858959  0.84597096167602215  1.0000000000000000  0.0000000000000000  2.7385847066125495E-002  6.9045298595898732  0.53545734841001202  1.0000000000000000
  0.02750000  40  1132.9791508340259  21.674861441409252  2.3091255555728139E-002  9.9747154056578385E-002  7.4199800244941096  0.84718964669071362  1.0000000000000000  0.0000000000000000  2.7264922323259305E-002  6.9145470041137962  0.53659823287421293  1.0000000000000000
  0.02775000  40  1134.3403859607365  21.617931347142690  2.3303202303877078E-002  9.9715044050680782E-002  7.4301110446523984  0.84830926003683738  1.0000000000000000  0.0000000000000000  2.7145632892455016E-002  6.9244911229056196  0.53772165138284300  1.0000000000000000
  0.02800000  40  1135.6079311821247  21.561151718547411  2.3514556265268095E-002  9.9683438355410825E-002  7.4403754740041412  0.84952749358135582  1.0000000000000000  0.0000000000000000  2.7025804237379533E-002  6.9345308177899962  0.53887295222194886  1.0000000000000000
  0.02825000  40  1136.9063121166519  21.505272180415666  2.3725756409937231E-002  9.9652257830262353E-002  7.4508045040747639  0.85085303513223998  1.0000000000000000  0.0000000000000000  2.6905158200622746E-002  6.9446883532327348  0.54006025674586389  1.0000000000000000
  0.02850000  40  1138.0021215432987  21.448859336952815  2.3936997122320128E-002  9.9619401539604704E-002  7.4608913859281092  0.85195713388280236  1.0000000000000000  0.0000000000000000  2.6787862505104419E-002  6.9546347076585331  0.54119625338466704  1.0000000000000000
  0.02875000  40  1139.4114649573135  21.395033079254528  2.4149164159695081E-002  9.9586787143990885E-002  7.4711987902702486  0.85317295880972588  1.0000000000000000  0.0000000000000000  2.6669086545653687E-002  6.9647567558751726  0.54237140377531490  1.0000000000000000
  0.02900000  40  1142.1827013169980  21.350071361313592  2.4366685087705519E-002  9.9552862155983024E-002  7.4817833503243563  0.85441731514287256  1.0000000000000000  0.0000000000000000  2.6547579004987228E-002  6.9751732313580490  0.54358203724976462  1.0000000000000000
  0.02925000  40  1141.6826786353015  21.286068886424570  2.4571261915229660E-002  9.9522094578209819E-002  7.4918855993210691  0.85571090891753687  1.0000000000000000  0.0000000000000000  2.6432794969876928E-002  6.9850579404211075  0.54475993998474481  1.0000000000000000
  0.02950000  40  1142.9656889979176  21.233447255992548  2.4783611206058355E-002  9.9487939144517257E-002  7.5020292854384145  0.85680501892613314  1.0000000000000000  0.0000000000000000  2.6316812950785307E-002  6.9951202309410592  0.54592478819487900  1.0000000000000000
  0.02975000  40  1144.0063118360163  21.180009280667552  2.4994697682879825E-002  9.9454595148816383E-002  7.5122922985380729  0.85801312673935204  1.0000000000000000  0.0000000000000000  2.6200550568970315E-002  7.0052563454414445  0.54711898074879639  1.0000000000000000
  0.03000000  40  1144.9680265689992  21.126728734381341  2.5205119473999445E-002  9.9421880993888892E-002  7.5227209666193611  0.85934461640737947  1.0000000000000000  0.0000000000000000  2.6083617915328566E-002  7.0154982975536111  0.54835324907010019  1.0000000000000000
  0.03025000  40  1146.2292304982457  21.075839263775809  2.5417250698184308E-002  9.9387762265084695E-002  7.5330514736786824  0.86055260111450482  1.0000000000000000  0.0000000000000000  2.5967623635123560E-002  7.0257284888875438  0.54956525156781089  1.0000000000000000
  0.03050000  40  1147.2768640014797  21.024282595398610  2.5629044757676404E-002  9.9352919276864571E-002  7.5431667922218359  0.86163984024734130  1.0000000000000000  0.0000000000000000  2.5853842262251250E-002  7.0358266730995220  0.55075337597679663  1.0000000000000000
  0.03075000  40  1148.4593727689235  20.974109783718447  2.5841042514183264E-002  9.9318382234893338E-002  7.5535018597618704  0.86284747791908023  1.0000000000000000  0.0000000000000000  2.5738817292489950E-002  7.0460862485790638  0.55197990536360586  1.0000000000000000
  0.03100000  40  1149.2702475572225  20.922331728491812  2.6051131481843025E-002  9.9284903312640227E-002  7.5639477717792616  0.86418806879815291  1.0000000000000000  0.0000000000000000  2.5623708752141459E-002  7.0564004412982779  0.55324248338684834  1.0000000000000000
  0.03125000  40  1150.0861662218585  20.871160218541885  2.6261773405142193E-002  9.9250248890808968E-002  7.5742306803816586  0.86539380872774485  1.0000000000000000  0.0000000000000000  2.5510265721640880E-002  7.0666348833057189  0.55447636076720097  1.0000000000000000
  0.03150000  40  1151.2888756914283  20.822808627632927  2.6474586030814377E-002  9.9214048005885958E-002  7.5844244525326534  0.86647183697917196  1.0000000000000000  0.0000000000000000  2.5397625302576703E-002  7.0768642906604624  0.55569432730232227  1.0000000000000000
  0.03175000  40  1152.2463984784820  20.773574257312067  2.6685988502157958E-002  9.9178699985858917E-002  7.5947654511640614  0.86767713318885420  1.0000000000000000  0.0000000000000000  2.5284527962731545E-002  7.0871854604842621  0.55694547215151047  1.0000000000000000
  0.03200000  40  1153.0537730070928  20.724010817069356  2.6896307631624781E-002  9.9144257305617184E-002  7.6052816452002387  0.86903193191024786  1.0000000000000000  0.0000000000000000  2.5170812322701758E-002  7.0976084167891518  0.55824397257866787  1.0000000000000000
  0.03225000  40  1153.8366999413008  20.674841989095043  2.7107109765932790E-002  9.9108710669541800E-002  7.6156125361663065  0.87024194656476994  1.0000000000000000  0.0000000000000000  2.5058846042836279E-002  7.1079431110845004  0.55950899338229121  1.0000000000000000
  0.03250000  40  1154.7586471563689  20.627000101458936  2.7319111692781471E-002  9.9071768419414466E-002  7.6257987339807505  0.87130730634892184  1.0000000000000000  0.0000000000000000  2.4948257178820314E-002  7.1182205349903853  0.56074732493928248  1.0000000000000000
  0.03275000  40  1155.6441224554660  20.579461504855256  2.7530511656933744E-002  9.9035497457379995E-002  7.6361908856259975  0.87251841301927469  1.0000000000000000  0.0000000000000000  2.4836653246132136E-002  7.1286410630462802  0.56202972123815775  1.0000000000000000
  0.03300000  40  1156.1549556589919  20.530284368665257  2.7739792603275078E-002  9.9000449215701905E-002  7.6467156290065441  0.87388248290889681  1.0000000000000000  0.0000000000000000  2.4724904133250427E-002  7.1391206425539719  0.56335505491993754  1.0000000000000000
  0.03325000  40  1157.2245165098568  20.484802488398007  2.7952124227736887E-002  9.8963609495249016E-002  7.6571867793906954  0.87510796645887712  1.0000000000000000  0.0000000000000000  2.4613491290063544E-002  7.1496432524765918  0.56466136813953227  1.0000000000000000
  0.03350000  40  1158.1435914624399  20.438945436673112  2.8164474057508781E-002  9.8925752525472255E-002  7.6674324147738560  0.87616984813712784  1.0000000000000000  0.0000000000000000  2.4504227657739491E-002  7.1600340914173390  0.56593145015066582  1.0000000000000000
  0.03375000  40  1158.7621791439753  20.391861934098920  2.8374995773710329E-002  9.8888843300751622E-002  7.6778404543573835  0.87738443664846655  1.0000000000000000  0.0000000000000000  2.4394487030967620E-002  7.1705191771104451  0.56724080454972081  1.0000000000000000
  0.03400000  40  1160.2715908053769  20.350293016593550  2.8589545992539912E-002  9.8850770789019965E-002  7.6884816276589536  0.87862259326047010  1.0000000000000000  0.0000000000000000  2.4282835100301294E-002  7.1812496005189823  0.56858461396482374  1.0000000000000000
  0.03425000  40  1160.1950119100686  20.300226213142043  2.8796457920962741E-002  9.8815256587320502E-002  7.6989847669957925  0.88000425888080358  1.0000000000000000  0.0000000000000000  2.4173959247134107E-002  7.1917562617428885  0.56994272147181979  1.0000000000000000
  0.03450000  40  1159.9862811448315  20.249898880645134  2.9004066520403621E-002  9.8777638081806896E-002  7.7090333868758396  0.88103886818273547  1.0000000000000000  0.0000000000000000  2.4068725650683909E-002  7.2019980316097598  0.57121100188067953  1.0000000000000000
  0.03475000  40  1161.7904847019097  20.211340295875818  2.9220214936063353E-002  9.8738578496429197E-002  7.7198139699673050  0.88229623543671787  1.0000000000000000  0.0000000000000000  2.3957143930026913E-002  7.2129082327931098  0.57259247499275645  1.0000000000000000
  0.03500000  40  1162.3883210288102  20.166445879358019  2.9430973294553169E-002  9.8700619481781340E-002  7.7303264350796272  0.88352787123734555  1.0000000000000000  0.0000000000000000  2.3848883401054191E-002  7.2235556003808057  0.57394659319053232  1.0000000000000000
  0.03525000  40  1162.8632353692506  20.121306359766059  2.9640521335295142E-002  9.8663660213444943E-002  7.7410698765254269  0.88494826127404547  1.0000000000000000  0.0000000000000000  2.3739633898760333E-002  7.2343457810033058  0.57535997309412046  1.0000000000000000
  0.03550000  40  1163.4144539823126  20.077027800330658  2.9851162806699572E-002  9.8625317798792175E-002  7.7516269672883782  0.88619167694030709  1.0000000000000000  0.0000000000000000  2.3631957654944899E-002  7.2450599244461618  0.57673302369433510  1.0000000000000000
  0.03575000  40  1164.2394201795341  20.034694664560831  3.0063878478409675E-002  9.8585360542893435E-002  7.7620368064691077  0.88725059809331130  1.0000000000000000  0.0000000000000000  2.3525482997531294E-002  7.2557306566983364  0.57807527298095240  1.0000000000000000
  0.03600000  40  1164.8181137148074  19.991411532034817  3.0274794314808361E-002  9.8546547636021831E-002  7.7726497376124275  0.88850122471956827  1.0000000000000000  0.0000000000000000  2.3418270433382304E-002  7.2665229442133903  0.57946900217362551  1.0000000000000000
  0.03625000  40  1165.6724154658455  19.950061318380950  3.0487071507591085E-002  9.8507187010829306E-002  7.7833650556494938  0.88976256153180078  1.0000000000000000  0.0000000000000000  2.3310571745492923E-002  7.2774279231780028  0.58088257759254114  1.0000000000000000
  0.03650000  40  1165.7479013686677  19.904824234077715  3.0694939783008055E-002  9.8469672216966245E-002  7.7941576851712915  0.89121521682448479  1.0000000000000000  0.0000000000000000  2.3203495872153826E-002  7.2883162940199355  0.58233568393587065  1.0000000000000000
  0.03675000  40  1166.2167217069566  19.862159450319961  3.0905489111540389E-002  9.8430355397392658E-002  7.8048333377532515  0.89248123585165207  1.0000000000000000  0.0000000000000000  2.3097274156966410E-002  7.2991985214724853  0.58375774505693245  1.0000000000000000
  0.03700000  40  1166.9359635067401  19.821261826026756  3.1118108500230220E-002  9.8389477611039264E-002  7.8153442641083775  0.89355181621944846  1.0000000000000000  0.0000000000000000  2.2992276931850561E-002  7.3100349162604035  0.58514470941959917  1.0000000000000000
  0.03725000  40  1167.3452489094927  19.779054646276769  3.1328503421884132E-002  9.8349766459159313E-002  7.8260639440146624  0.89482443524830424  1.0000000000000000  0.0000000000000000  2.2886642919240235E-002  7.3209853481553280  0.58658397908995341  1.0000000000000000
  0.03750000  40  1167.5629419787390  19.736189203715206  3.1537154472751384E-002  9.8311301592285114E-002  7.8370295813554902  0.89632105026031872  1.0000000000000000  0.0000000000000000  2.2780005837852738E-002  7.3320859080121732  0.58808880396911967  1.0000000000000000
  0.03775000  40  1168.1195165354679  19.695549937031164  3.1748345520170827E-002  9.8271110445734361E-002  7.8478540213870076  0.89761722956523804  1.0000000000000000  0.0000000000000000  2.2674370286919699E-002  7.3431673440400402  0.58955609152460986  1.0000000000000000
  0.03800000  40  1167.6610543153565  19.649776652533646  3.1955457049914780E-002  9.8230883296928473E-002  7.8581554144885324  0.89866729679622592  1.0000000000000000  0.0000000000000000  2.2573504594441317E-002  7.3538240750717936  0.59094347215654086  1.0000000000000000
  0.03825000  40  1168.9189275638184  19.613678074343909  3.2170255724376456E-002  9.8189343054384509E-002  7.8692371678086372  0.89999219054438861  1.0000000000000000  0.0000000000000000  2.2466416622003643E-002  7.3651906066989845  0.59245842913601332  1.0000000000000000
  0.03850000  40  1169.4576866187344  19.574038884582979  3.2381548727266715E-002  9.8148459175037228E-002  7.8801596608334332  0.90130597710538962  1.0000000000000000  0.0000000000000000  2.2361437576391908E-002  7.3764010205885535  0.59395740939481223  1.0000000000000000
  0.03875000  40  1169.7702019643943  19.533535478072015  3.2590793200244918E-002  9.8108927865196455E-002  7.8913455254103395  0.90286637884667842  1.0000000000000000  0.0000000000000000  2.2255427933398859E-002  7.3877681706523246  0.59552776324101719  1.0000000000000000
  0.03900000  40  1170.0008926633891  19.492946528098198  3.2800615008569810E-002  9.8068017578012923E-002  7.9022583894472938  0.90419181562070805  1.0000000000000000  0.0000000000000000  2.2151628798827622E-002  7.3989858939504369  0.59704088640064201  1.0000000000000000
  0.03925000  40  1169.6855790499415  19.449782284776131  3.3008656140855200E-002  9.8026687703684418E-002  7.9127474026936344  0.90526944145943000  1.0000000000000000  0.0000000000000000  2.2051452831118978E-002  7.4098900733133428  0.59848781036412602  1.0000000000000000
  0.03950000  40  1170.6964533956120  19.414066895775406  3.3222572532898023E-002  9.7984437835717142E-002  7.9239528850100180  0.90662813150249089  1.0000000000000000  0.0000000000000000  2.1945932655850642E-002  7.4214309153980089  0.60005298935601692  1.0000000000000000
  0.03975000  40  1170.9170430514514  19.374457457359291  3.3432471315624129E-002  9.7943018022704942E-002  7.9349741958886071  0.90798020862065920  1.0000000000000000  0.0000000000000000  2.1842716163006128E-002  7.4327867645080943  0.60160243076939912  1.0000000000000000
  0.04000000  40  1171.2881963767022  19.335984748720353  3.3642113650053158E-002  9.7902561000589403E-002  7.9463888759166803  0.90961731367304588  1.0000000000000000  0.0000000000000000  2.1737341007619902E-002  7.4444294921081262  0.60324101097445637  1.0000000000000000
  0.04025000  40  1171.5218170605644  19.297108931694805  3.3852136145115369E-002  9.7860792904013894E-002  7.9574952001729748  0.91099740028847720  1.0000000000000000  0.0000000000000000  2.1634408904905991E-002  7.4558927169556100  0.60481757010083959  1.0000000000000000
  0.04050000  40  1171.6156394058933  19.257818059262945  3.4061458739275192E-002  9.7819116836781961E-002  7.9685973760865316  0.91238300993603538  1.0000000000000000  0.0000000000000000  2.1532055726964646E-002  7.4673603231104497  0.60640123199550455  1.0000000000000000
  0.04075000  40  1172.0840333108979  19.220831404761583  3.4273925009659777E-002  9.7775442313256022E-002  7.9795299684708105  0.91351550068395304  1.0000000000000000  0.0000000000000000  2.1430867760160996E-002  7.4787827837059559  0.60794988833506269  1.0000000000000000
  0.04100000  40  1172.1362904397499  19.181960659193059  3.4483104912023561E-002  9.7733457898452142E-002  7.9907008886366260  0.91492306544521984  1.0000000000000000  0.0000000000000000  2.1328949810319641E-002  7.4903388518699163  0.60956045477056287  1.0000000000000000
  0.04125000  40  1173.4908055858277  19.150258586654335  3.4699309834739955E-002  9.7689190636542689E-002  8.0023285577972416  0.91637492258072928  1.0000000000000000  0.0000000000000000  2.1223475047619428E-002  7.5023751587840204  0.61123894550858626  1.0000000000000000
  0.04150000  40  1172.4004203561528  19.106000762956874  3.4901154273384444E-002  9.7649953314640436E-002  8.0135751074984274  0.91808532739444182  1.0000000000000000  0.0000000000000000  2.1122988253243411E-002  7.5138886624976200  0.61290110459639335  1.0000000000000000
  0.04175000  40  1172.3860246929009  19.067713190812228  3.5110012396381729E-002  9.7607641454895894E-002  8.0248564960444053  0.91953938940132307  1.0000000000000000  0.0000000000000000  2.1021721144058172E-002  7.5255839281054859  0.61455139096886335  1.0000000000000000
  0.04200000  40  1172.7783427089798  19.031857519744467  3.5322388713081805E-002  9.7563220671221612E-002  8.0359593223223520  0.92071066423774983  1.0000000000000000  0.0000000000000000  2.0921629016888172E-002  7.5372308136763699  0.61616705835410790  1.0000000000000000
  0.04225000  40  1172.9247716222458  18.995009469209691  3.5532192048323794E-002  9.7520275831223718E-002  8.0473855905763951  0.92219628900854245  1.0000000000000000  0.0000000000000000  2.0820129930571980E-002  7.5490977913872754  0.61785278355743933  1.0000000000000000
  0.04250000  40  1172.8505788766572  18.957304537865760  3.5740794872590333E-002  9.7477532890302226E-002  8.0587866608700516  0.92369157631392507  1.0000000000000000  0.0000000000000000  2.0719479859276028E-002  7.5609355503333848  0.61954658841318411  1.0000000000000000
  0.04275000  40  1172.9184538099316  18.920631397700028  3.5948795572410298E-002  9.7435690770356020E-002  8.0706680611384662  0.92554649238951336  1.0000000000000000  0.0000000000000000  2.0616145472916781E-002  7.5731477689952325  0.62133651065874196  1.0000000000000000
  0.04300000  40  1173.0635350053769  18.884645106793236  3.6158625512362659E-002  9.7392315573109678E-002  8.0822413404014775  0.92708630852050100  1.0000000000000000  0.0000000000000000  2.0515090124378649E-002  7.5851847279646689  0.62306951477686767  1.0000000000000000
  0.04325000  40  1173.2345404137805  18.849073806219280  3.6370051421558351E-002  9.7347434665780636E-002  8.0934820739747764  0.92830930192675087  1.0000000000000000  0.0000000000000000  2.0416439392940022E-002  7.5970218254668902  0.62475250647924740  1.0000000000000000
  0.04350000  40  1173.1200472269147  18.812303261892399  3.6578450016896719E-002  9.7304219832037797E-002  8.1050651723520737  0.92988308832617284  1.0000000000000000  0.0000000000000000  2.0316380170054302E-002  7.6090846050769763  0.62651041716491140  1.0000000000000000
  0.04375000  40  1173.2130999331375  18.776881903282391  3.6788035527575695E-002  9.7260497159063347E-002  8.1167710337144996  0.93148315886963129  1.0000000000000000  0.0000000000000000  2.0215811993388268E-002  7.6212865377358652  0.62829238423731848  1.0000000000000000
  0.04400000  40  1173.0996367400398  18.740667797187392  3.6994875147666348E-002  9.7218379486809753E-002  8.1288706161416098  0.93347317146142528  1.0000000000000000  0.0000000000000000  2.0113489523308145E-002  7.6337609167074518  0.63016140757955563  1.0000000000000000
  0.04425000  40  1173.1729433169496  18.705684736975737  3.7204308386875058E-002  9.7174538446997416E-002  8.1406811620534061  0.93512716326008816  1.0000000000000000  0.0000000000000000  2.0013210596887168E-002  7.6460810545382083  0.63198090032958820  1.0000000000000000
  0.04450000  40  1173.1341707809204  18.670390657510190  3.7413107953498573E-002  9.7130747565469105E-002  8.1525013479614437  0.93679907533264339  1.0000000000000000  0.0000000000000000  1.9913362819673472E-002  7.6584265078695148  0.63381083004594063  1.0000000000000000
  0.04475000  40  1173.1445580427212  18.635610946028621  3.7623840449703093E-002  9.7085270446306687E-002  8.1639666058058058  0.93811252399106970  1.0000000000000000  0.0000000000000000  1.9816044045839615E-002  7.6705458756084584  0.63559232456188608  1.0000000000000000
  0.04500000  40  1173.0031059880230  18.600313463962706  3.7832032524473848E-002  9.7041469733088664E-002  8.1758567893267156  0.93983253539980272  1.0000000000000000  0.0000000000000000  1.9716757179360500E-002  7.6829722717940303  0.63745870133832094  1.0000000000000000
  0.04525000  40  1173.0430854306940  18.566199434837245  3.8041294284295285E-002  9.6997154428423049E-002  8.1878679039023936  0.94158620925270642  1.0000000000000000  0.0000000000000000  1.9616996436357878E-002  7.6955384858593661  0.63935275825887639  1.0000000000000000
  0.04550000  40  1172.6983945578584  18.530377445345508  3.8246404984062517E-002  9.6955053781758657E-002  8.2002542934337868  0.94379087087163871  1.0000000000000000  0.0000000000000000  1.9515761817256030E-002  7.7083563658229028  0.64132688307180818  1.0000000000000000
  0.04575000  40  1172.5234533586417  18.495673345585189  3.8454296736638902E-002  9.6911087550242220E-002  8.2122986779315497  0.94560899385317432  1.0000000000000000  0.0000000000000000  1.9416876469470656E-002  7.7209710814385577  0.64325159251030273  1.0000000000000000
  0.04600000  40  1172.5665133450914  18.462324350417017  3.8663450615044490E-002  9.6866630029120604E-002  8.2244923747872924  0.94747081916495679  1.0000000000000000  0.0000000000000000  1.9317357597395283E-002  7.7337473997598618  0.64521194460508258  1.0000000000000000
  0.04625000  40  1172.4775996195342  18.428548324709478  3.8873722924232461E-002  9.6820721906484497E-002  8.2362199737564374  0.94890910498900427  1.0000000000000000  0.0000000000000000  1.9221143446716316E-002  7.7461866005484081  0.64711257836395353  1.0000000000000000
  0.04650000  40  1172.2964635846170  18.394546789899920  3.9081497827546795E-002  9.6776570377908044E-002  8.2484353150195808  0.95082916579612420  1.0000000000000000  0.0000000000000000  1.9122558596475023E-002  7.7590002220464793  0.64910652289248172  1.0000000000000000
  0.04675000  40  1172.2462973515444  18.361446035398142  3.9290028294194694E-002  9.6732163468617474E-002  8.2607603119840896  0.95279459980193493  1.0000000000000000  0.0000000000000000  1.9023659770544210E-002  7.7719366275744042  0.65113211120819958  1.0000000000000000
  0.04700000  40  1171.7143912862884  18.326151235616514  3.9493383076410989E-002  9.6690316813533128E-002  8.2734691853611828  0.95528891604661026  1.0000000000000000  0.0000000000000000  1.8923273459974535E-002  7.7851439785715986  0.65323030995091602  1.0000000000000000
  0.04725000  40  1171.6558527409279  18.293478210501778  3.9701689597497793E-002  9.6645875705276052E-002  8.2859265896543555  0.95735145598080518  1.0000000000000000  0.0000000000000000  1.8824472155588686E-002  7.7982371280529783  0.65530340685866051  1.0000000000000000
  0.04750000  40  1169.3949570187219  18.249962572722268  3.9898260103266484E-002  9.6604938583339489E-002  8.2969739320760656  0.95891869389068218  1.0000000000000000  0.0000000000000000  1.8736096524467866E-002  7.8100046647678063  0.65720940779372539  1.0000000000000000
  0.04775000  40  1171.3820716567427  18.228029336760045  4.0119441983112826E-002  9.6555618537715465E-002  8.3104190441321819  0.96108707739116062  1.0000000000000000  0.0000000000000000  1.8630825940756421E-002  7.8241418621982488  0.65945133684615698  1.0000000000000000
  0.04800000  40  1170.9290667854143  18.194059854282742  4.0325082576465811E-002  9.6512122351208443E-002  8.3228870526743162  0.96328515651401214  1.0000000000000000  0.0000000000000000  1.8533599634404777E-002  7.8372653621909514  0.66158787888298998  1.0000000000000000
  0.04825000  20  545.08223827529525  14.087758882835635  1.8817035381655178E-004  0.14208531754450793      6.0278875842399184  6.0241271437799035   1.0000000000000000  0.0000000000000000  1.3693592663626927E-002  6.7766386810559816  0.74882070081440133  1.0000000000000000
  0.04850000  20  558.25245255396032  14.171931521859079  4.8500000581763888E-006  0.11530038745384147      8.5298459688662369  5.3016141190062402   1.0000000000000000  0.0000000000000000  1.3648697058928115E-002  6.7198468032485348  0.83694062891048282  1.0000000000000000
  0.04875000  22  571.04761451690490  14.267310448105977  4.8750000515137375E-006  0.13977482163593116      6.4947800298130502  5.9100138164412108   1.0000000000000000  0.0000000000000000  1.4856568603812344E-002  6.7306069641255668  0.85626643140763004  1.0000000000000000
  0.04900000  20  583.31769513817687  14.324752420124158  5.0140544379883009E-006  0.12507047128833509      7.7442518498274993  5.8231610335645447   1.0000000000000000  0.0000000000000000  1.2994862077408268E-002  6.8388803604467299  0.84018558281059386  1.0000000000000000
  0.04925000  26  585.60822550480032  14.365678996403997  4.9783162984808554E-006  0.14193218530062585      6.2418403774139195  6.2418403772549134   1.0000000000000000  0.0000000000000000  2.0260905990909114E-002  6.2254498233916706  1.0312253557457927   1.0000000000000000
  0.04950000  28  829.28819885223345  16.050097651097939  4.9500247898658583E-006  5.9402391649145944E-002  15.977589106126072  1.9438548709799903   1.0000000000000000  0.0000000000000000  1.7597623931413832E-003  16.050097651097936  0.69549379808805145  1.0000000000000000
  0.04975000  22  623.90618133436021  14.580169811517234  4.9750004361476532E-006  0.13671136816664725      6.9040068777459052  6.3343514733680157   1.0000000000000000  0.0000000000000000  1.4208577476264816E-002  6.8011976069853795  0.90655322755836942  1.0000000000000000
  0.05000000  20  605.84660239828759  14.403557203227940  5.0000004606107539E-006  0.13823445629059680      6.5845683007644631  6.5845683002360698   1.0000000000000000  0.0000000000000000  1.3353629694907566E-002  6.7201793496180242  0.90392017793174695  1.0000000000000000
