# rho_B       Z   N                   R_WS                rho_gas_n                rho_liq_n                r_n                 a_n                  gamma_n             rho_gas_p           rho_liq_p                r_p                 a_p                  gamma_p
  0.00025000  40  94.565284650060534  50.462427540541782  9.5979558713910658E-006  9.7710418615556516E-002  5.8068827924684623  0.62850955513529949  1.0000000000000000  0.0000000000000000  5.2667618498090221E-002  5.5503720728018511  0.43412790934641077  1.0000000000000000
  0.00050000  40  178.82921355419472  47.099420311950773  1.9564482750860455E-004  9.8266272579625738E-002  5.8779692464982487  0.64047625359422122  1.0000000000000000  0.0000000000000000  5.1306493104111069E-002  5.6006384762471964  0.43472711782158818  1.0000000000000000
  0.00075000  40  253.74726333848344  45.388028495608324  4.0370125576939662E-004  9.8601098490250783E-002  5.9244891639216348  0.64795468959810032  1.0000000000000000  0.0000000000000000  5.0415366769370584E-002  5.6343255920482171  0.43551026243849150  1.0000000000000000
  0.00100000  40  313.12333294235890  43.847610901412871  6.1044013800759154E-004  9.8851554403937683E-002  5.9620851400643620  0.65379590512747621  1.0000000000000000  0.0000000000000000  4.9699754196320826E-002  5.6618797356417971  0.43630444276081487  1.0000000000000000
  0.00125000  40  369.29525784685353  42.757538638754184  8.2460595275572908E-004  9.9063499709805061E-002  5.9961728178019662  0.65896792076779231  1.0000000000000000  0.0000000000000000  4.9054981950891988E-002  5.6871101105784838  0.43713678861438976  1.0000000000000000
  0.00150000  40  417.41529858020505  41.755171566315596  1.0381798541279081E-003  9.9243058444305948E-002  6.0269271174674550  0.66354832550940301  1.0000000000000000  0.0000000000000000  4.8477261367998861E-002  5.7100552878045416  0.43797344820740164  1.0000000000000000
  0.00175000  40  459.42593641646312  40.842734527050752  1.2515989602277400E-003  9.9399405678171002E-002  6.0553426119443046  0.66772225363818549  1.0000000000000000  0.0000000000000000  4.7946975901819261E-002  5.7314108101157721  0.43881011849784513  1.0000000000000000
  0.00200000  40  497.20170184582520  40.025760430320652  1.4655830440861298E-003  9.9538055436550324E-002  6.0820116944022402  0.67159295987687617  1.0000000000000000  0.0000000000000000  4.7452300077327925E-002  5.7515923942584948  0.43965270481981550  1.0000000000000000
  0.00225000  40  534.25678708159478  39.350024140052597  1.6827029090583775E-003  9.9663826226777413E-002  6.1076114103134902  0.67526893384286690  1.0000000000000000  0.0000000000000000  4.6980639162281339E-002  5.7710765957388110  0.44050952245040709  1.0000000000000000
  0.00250000  40  564.61115305405360  38.649971564924229  1.8965356857410017E-003  9.9775767054367401E-002  6.1316116265841476  0.67869628438011131  1.0000000000000000  0.0000000000000000  4.6541162677431955E-002  5.7894486543240902  0.44135568116125773  1.0000000000000000
  0.00275000  40  596.63399097344370  38.091040829921141  2.1147386495548783E-003  9.9879465647863958E-002  6.1550815861306818  0.68202273688744708  1.0000000000000000  0.0000000000000000  4.6113984952079905E-002  5.8075151512161636  0.44221723678144775  1.0000000000000000
  0.00300000  40  622.40214942929333  37.494763878854911  2.3291932482038770E-003  9.9972575721291784E-002  6.1772529292635348  0.68514422585694912  1.0000000000000000  0.0000000000000000  4.5712865850753001E-002  5.8246689466814505  0.44306586097923895  1.0000000000000000
  0.00325000  40  648.44376606413834  36.979880250092151  2.5459897354531608E-003  0.10005871140137718      6.1988819667242270  0.68817241615372993  1.0000000000000000  0.0000000000000000  4.5323937311269935E-002  5.8414800945597376  0.44392643149161987  1.0000000000000000
  0.00350000  40  675.93748488486574  36.551579544008376  2.7661098670448332E-003  0.10013909119295639      6.2201503534371625  0.69114139641414696  1.0000000000000000  0.0000000000000000  4.4943593137566261E-002  5.8580964477566031  0.44479927186793194  1.0000000000000000
  0.00375000  40  693.29843661357074  36.007001822105146  2.9776193987898674E-003  0.10021047526370111      6.2399891593535788  0.69389890459423886  1.0000000000000000  0.0000000000000000  4.4590972315577071E-002  5.8736592671655536  0.44563894203933535  1.0000000000000000
  0.00400000  40  716.19942702973754  35.603764065307637  3.1962418290409069E-003  0.10027856942937999      6.2599441814336725  0.69666438844263312  1.0000000000000000  0.0000000000000000  4.4238337398720580E-002  5.8893759081414547  0.44651134876025067  1.0000000000000000
  0.00425000  40  733.73180690792526  35.159090892930273  3.4105989019751612E-003  0.10034036568565104      6.2790095688457406  0.69929673031874540  1.0000000000000000  0.0000000000000000  4.3903238978909409E-002  5.9044592047517606  0.44736377820714374  1.0000000000000000
  0.00450000  40  752.64088171285493  34.774304149376064  3.6275996338258573E-003  0.10039822142653809      6.2978622773634214  0.70189353806488519  1.0000000000000000  0.0000000000000000  4.3573753319990929E-002  5.9194304296328202  0.44823040069619158  1.0000000000000000
  0.00475000  40  769.01057430455410  34.386712669250983  3.8429627404556297E-003  0.10045162719645971      6.3161516433806515  0.70440500901718706  1.0000000000000000  0.0000000000000000  4.3255903958270614E-002  5.9340083239837460  0.44909164589857598  1.0000000000000000
  0.00500000  40  787.55986776675036  34.060179779734121  4.0617409654789671E-003  0.10050185900857836      6.3343616779981513  0.70690419040757591  1.0000000000000000  0.0000000000000000  4.2941033985533804E-002  5.9485843898059807  0.44996675774523143  1.0000000000000000
  0.00525000  40  832.52070995242184  34.106928474992664  4.3102396698472788E-003  0.10055358923916427      6.3546114398602827  0.70966764499498547  1.0000000000000000  0.0000000000000000  4.2592636019193449E-002  5.9648699700305636  0.45096455495265675  1.0000000000000000
  0.00550000  40  815.00688381332759  33.355908270195727  4.4912739576477324E-003  0.10058995219952821      6.3690228919176608  0.71163711935274732  1.0000000000000000  0.0000000000000000  4.2346713183639390E-002  5.9764662561438842  0.45168868687440261  1.0000000000000000
  0.00575000  40  826.73959978116216  33.014956423821779  4.7048763673355901E-003  0.10062936374404005      6.3857940584687736  0.71392661863213136  1.0000000000000000  0.0000000000000000  4.2061364917108754E-002  5.9900280150666774  0.45254955570037386  1.0000000000000000
  0.00600000  40  876.79097284970453  33.164757255908299  4.9633713905574642E-003  0.10067165041093085      6.4057705810416961  0.71662907954948674  1.0000000000000000  0.0000000000000000  4.1722874573890852E-002  6.0062709363320632  0.45359000240734010  1.0000000000000000
  0.00625000  40  851.03426957142472  32.407231160468832  5.1350751187442074E-003  0.10069973992552217      6.4187552318953136  0.71840619624515878  1.0000000000000000  0.0000000000000000  4.1504893812481236E-002  6.0168165767735839  0.45428189301379557  1.0000000000000000
  0.00650000  40  883.88815867005292  32.374704392083608  5.3763482726499057E-003  0.10073378914968782      6.4368188492591685  0.72084681957529750  1.0000000000000000  0.0000000000000000  4.1202077510483340E-002  6.0315867087681472  0.45525710283706233  1.0000000000000000
  0.00675000  40  874.66442493699230  31.863230254319468  5.5670097391799572E-003  0.10076028292251032      6.4508554338178792  0.72276188523030560  1.0000000000000000  0.0000000000000000  4.0968503354771917E-002  6.0430723490673426  0.45602893585688153  1.0000000000000000
  0.00700000  40  903.40974922414989  31.805671582030762  5.8052523717791096E-003  0.10078886260799128      6.4681512723394761  0.72508732159483946  1.0000000000000000  0.0000000000000000  4.0681437660323665E-002  6.0573038718716425  0.45699512663523068  1.0000000000000000
  0.00725000  40  896.73148019495943  31.361452342106777  5.9993292877414325E-003  0.10081145683737512      6.4820266872015413  0.72696694446041921  1.0000000000000000  0.0000000000000000  4.0452772068096811E-002  6.0687311402303923  0.45778189012445619  1.0000000000000000
  0.00750000  40  934.00675685120143  31.415021816796504  6.2501387761263799E-003  0.10083639923379049      6.4997795632538544  0.72935232917190684  1.0000000000000000  0.0000000000000000  4.0160935020916021E-002  6.0834358182761408  0.45880538606101862  1.0000000000000000
  0.00775000  40  912.65733006602466  30.844812448720273  6.4255039312223353E-003  0.10085428253625922      6.5119693855777498  0.73100579014462763  1.0000000000000000  0.0000000000000000  3.9962291296262831E-002  6.0935209739409739  0.45951915906744867  1.0000000000000000
  0.00800000  40  975.39714457816831  31.175908189787073  6.7110320024686594E-003  0.10087655318136060      6.5317061938111811  0.73363754711867391  1.0000000000000000  0.0000000000000000  3.9640699965755463E-002  6.1099892755413405  0.46068771782192414  1.0000000000000000
  0.00825000  40  939.37145635550883  30.488423018366422  6.8682564547951856E-003  0.10089069753495442      6.5423671813150710  0.73509781770822435  1.0000000000000000  0.0000000000000000  3.9469014104510688E-002  6.1188471608889099  0.46133124039338425  1.0000000000000000
  0.00850000  40  937.36894259850146  30.165949511703410  7.0688444316334056E-003  0.10090519219668866      6.5558421914748397  0.73689906861851728  1.0000000000000000  0.0000000000000000  3.9252101431850414E-002  6.1301117021347320  0.46215065311998960  1.0000000000000000
  0.00875000  40  993.55686861518518  30.437751827318081  7.3506235309957436E-003  0.10092083123691251      6.5746715669858045  0.73940378445889554  1.0000000000000000  0.0000000000000000  3.8949661434137098E-002  6.1459512756133243  0.46331519025822721  1.0000000000000000
  0.00900000  40  964.32569209061944  29.866281305188942  7.5149732272682384E-003  0.10093172198408311      6.5854651431317492  0.74087456214081016  1.0000000000000000  0.0000000000000000  3.8778221663565954E-002  6.1549979713727900  0.46399108848685561  1.0000000000000000
  0.00925000  40  963.51218928044159  29.586761895423372  7.7178139827880190E-003  0.10094201809813937      6.5986586730751213  0.74263263912752253  1.0000000000000000  0.0000000000000000  3.8568752831463861E-002  6.1661217713561918  0.46482707242101284  1.0000000000000000
  0.00950000  40  970.89620439820521  29.396668644627876  7.9329167838501028E-003  0.10095131601556717      6.6125600198331220  0.74448830430304858  1.0000000000000000  0.0000000000000000  3.8348953772654640E-002  6.1778780921130920  0.46571699096997449  1.0000000000000000
  0.00975000  40  1006.4718755247702  29.481174314335036  8.1905285332900743E-003  0.10095958276804071      6.6291190828916466  0.74669388325303920  1.0000000000000000  0.0000000000000000  3.8088123115912136E-002  6.1919422401698991  0.46678996847916449  1.0000000000000000
  0.01000000  40  985.97382891927623  29.041289165968657  8.3645951428891162E-003  0.10096607829049603      6.6400635293966266  0.74815747320125214  1.0000000000000000  0.0000000000000000  3.7917145297065032E-002  6.2012250543902461  0.46751155566456454  1.0000000000000000
  0.01025000  40  985.99538867662147  28.803436860325814  8.5689866019089348E-003  0.10097147908798376      6.6529002018209180  0.74986530316166344  1.0000000000000000  0.0000000000000000  3.7717078121429708E-002  6.2121578496878982  0.46836240619394498  1.0000000000000000
  0.01050000  40  993.35978262248489  28.641200373416535  8.7852254708830849E-003  0.10097577548103617      6.6663748500709747  0.75165586754449698  1.0000000000000000  0.0000000000000000  3.7507827754145601E-002  6.2236716709077582  0.46926664279746966  1.0000000000000000
  0.01075000  40  1047.6660295448230  28.906765346421619  9.0755792596762547E-003  0.10097758935981101      6.6844122025745261  0.75403714857399462  1.0000000000000000  0.0000000000000000  3.7228489375188280E-002  6.2391744121828765  0.47048795308557945  1.0000000000000000
  0.01100000  40  1032.3302361292795  28.550633720519784  9.2580538212130858E-003  0.10097986621175102      6.6954930150403458  0.75550308530213794  1.0000000000000000  0.0000000000000000  3.7058473085750242E-002  6.2486794998429520  0.47125088017240135  1.0000000000000000
  0.01125000  40  1019.2621822515405  28.221977755351833  9.4422541187027063E-003  0.10098158886627065      6.7066370764404049  0.75698674951501599  1.0000000000000000  0.0000000000000000  3.6888160005224407E-002  6.2582568383875126  0.47202560998824389  1.0000000000000000
  0.01150000  40  1016.5926916430353  27.992416038477653  9.6427636291367830E-003  0.10098198007155043      6.7187057610139886  0.75858736744373279  1.0000000000000000  0.0000000000000000  3.6704307289201918E-002  6.2686594737808665  0.47287239711920392  1.0000000000000000
  0.01175000  40  1019.8012536867799  27.820567474525767  9.8532416781998439E-003  0.10098106931728806      6.7312992438025203  0.76025117207845960  1.0000000000000000  0.0000000000000000  3.6513094140992207E-002  6.2795502522185842  0.47376378216739956  1.0000000000000000
  0.01200000  40  1022.5531575737145  27.649902461963997  1.0063021172882994E-002  0.10097925765281145      6.7437566553929500  0.76189449614298810  1.0000000000000000  0.0000000000000000  3.6324799912195331E-002  6.2903465297088985  0.47465343640539270  1.0000000000000000
  0.01225000  40  1029.2357063915979  27.517961060300763  1.0279945711097142E-002  0.10097656909508876      6.7566025990412104  0.76360186998108648  1.0000000000000000  0.0000000000000000  3.6131444083532270E-002  6.3015075149083781  0.47558047927255764  1.0000000000000000
  0.01250000  40  1034.5569748397011  27.378539370557412  1.0494764512071880E-002  0.10097244772456189      6.7691392383299149  0.76523344264797277  1.0000000000000000  0.0000000000000000  3.5943400004288112E-002  6.3124367253448028  0.47649213570358950  1.0000000000000000
  0.01275000  40  1081.0795129248222  27.585395018302087  1.0783127115727553E-002  0.10096340431805217      6.7859912901830786  0.76741864760615308  1.0000000000000000  0.0000000000000000  3.5691225780315104E-002  6.3272109126092335  0.47772994865414353  1.0000000000000000
  0.01300000  40  1076.5654369282606  27.370584561987204  1.0982023284836681E-002  0.10095849693582030      6.7974456469578968  0.76892308693813416  1.0000000000000000  0.0000000000000000  3.5521376601413766E-002  6.3372343952146348  0.47858291151019455  1.0000000000000000
  0.01325000  40  1073.3112984670258  27.170901182664036  1.1182708239533799E-002  0.10095291569562931      6.8089281466122635  0.77043175480317461  1.0000000000000000  0.0000000000000000  3.5351772139804817E-002  6.3473038235845074  0.47944741488837800  1.0000000000000000
  0.01350000  40  1071.2442852703491  26.985412075122209  1.1385225053819142E-002  0.10094636364935598      6.8204573388353733  0.77194107218686359  1.0000000000000000  0.0000000000000000  3.5182166984943135E-002  6.3574355123888715  0.48032236792979510  1.0000000000000000
  0.01375000  40  1070.3070881962387  26.813320641121255  1.1589626287194886E-002  0.10093915682738600      6.8320244729176425  0.77345510351058078  1.0000000000000000  0.0000000000000000  3.5012632603520485E-002  6.3676259974180338  0.48120721910400549  1.0000000000000000
  0.01400000  40  1070.3921569505058  26.653438655396275  1.1795794262428952E-002  0.10093127300320556      6.8436834882642161  0.77499738158567855  1.0000000000000000  0.0000000000000000  3.4842508922260630E-002  6.3779160322376010  0.48210543288741825  1.0000000000000000
  0.01425000  40  1071.3956325809461  26.504629478854785  1.2003748823724852E-002  0.10092242615066616      6.8553243792691188  0.77651522784515326  1.0000000000000000  0.0000000000000000  3.4673253068487279E-002  6.3882167585114562  0.48301205053085489  1.0000000000000000
  0.01450000  40  1073.3479737660159  26.366841216716473  1.2213661574690053E-002  0.10091220350204774      6.8669609260471898  0.77800439086946116  1.0000000000000000  0.0000000000000000  3.4504520557787237E-002  6.3985512759718048  0.48392440539736592  1.0000000000000000
  0.01475000  40  1076.1380169658191  26.238908019567823  1.2425274847030848E-002  0.10090162766278915      6.8786845100532545  0.77952699908892908  1.0000000000000000  0.0000000000000000  3.4335379051600314E-002  6.4089748217830476  0.48485285414027590  1.0000000000000000
  0.01500000  40  1079.8492244082095  26.121206253952487  1.2638830447502990E-002  0.10089056962576731      6.8905161829003188  0.78108149191402421  1.0000000000000000  0.0000000000000000  3.4165543911588020E-002  6.4195077428716321  0.48579631278074842  1.0000000000000000
  0.01525000  40  1084.2575973140783  26.011723328370920  1.2854130534784475E-002  0.10087791308097205      6.9022666843202432  0.78257482387437949  1.0000000000000000  0.0000000000000000  3.3997202938213594E-002  6.4300154701461238  0.48674099195732201  1.0000000000000000
  0.01550000  40  1089.5429137796812  25.911594738992488  1.3071328225365306E-002  0.10086530815274025      6.9141810202435972  0.78413797522515405  1.0000000000000000  0.0000000000000000  3.3827544458257933E-002  6.4406719933561494  0.48770726017293919  1.0000000000000000
  0.01575000  40  1095.5549026424453  25.819410541316120  1.3290436937744732E-002  0.10085102905359847      6.9260203808091578  0.78563555488738857  1.0000000000000000  0.0000000000000000  3.3659310928621948E-002  6.4513074952058265  0.48867609777332882  1.0000000000000000
  0.01600000  40  1102.2994075774236  25.734977123690037  1.3511208613866010E-002  0.10083669517912412      6.9380235527420666  0.78720294469531227  1.0000000000000000  0.0000000000000000  3.3489802784595277E-002  6.4620921718043771  0.48966558342285144  1.0000000000000000
  0.01625000  40  1109.8039971070434  25.658264620501313  1.3733954715386130E-002  0.10082109604909745      6.9500131065376625  0.78873816167822519  1.0000000000000000  0.0000000000000000  3.3321008982017598E-002  6.4729022385724981  0.49066102965376057  1.0000000000000000
  0.01650000  40  1117.9901463290782  25.588457294846862  1.3958527025250347E-002  0.10080444902475594      6.9619778615902606  0.79023875033572999  1.0000000000000000  0.0000000000000000  3.3153088930521907E-002  6.4837257200238367  0.49166473775993313  1.0000000000000000
  0.01675000  40  1126.9330206917987  25.525886638695429  1.4184857203567902E-002  0.10078753227600017      6.9741256060160168  0.79181506500263255  1.0000000000000000  0.0000000000000000  3.2983682898563564E-002  6.4947163015081397  0.49269028351928823  1.0000000000000000
  0.01700000  40  1136.5557014999151  25.469767899642893  1.4413027702076624E-002  0.10076955473826299      6.9862454221317849  0.79335841762610571  1.0000000000000000  0.0000000000000000  3.2815179164798904E-002  6.5057208642268929  0.49372218472716178  1.0000000000000000
  0.01725000  40  1146.9064069452604  25.420236602134469  1.4643146538854072E-002  0.10075025232512069      6.9983495268544633  0.79486309862474647  1.0000000000000000  0.0000000000000000  3.2647454820488440E-002  6.5167471736698577  0.49476123842500691  1.0000000000000000
  0.01750000  40  1157.9427153775273  25.376777059241949  1.4874938720228681E-002  0.10073054781052204      7.0105633329145398  0.79640754566461669  1.0000000000000000  0.0000000000000000  3.2479105691519412E-002  6.5278877861464020  0.49581735336612764  1.0000000000000000
  0.01775000  40  1099.9817343970012  24.842977271993711  1.4950468181304653E-002  0.10072949988859310      7.0142919536241273  0.79693753002013779  1.0000000000000000  0.0000000000000000  3.2429238569689857E-002  6.5311894802936337  0.49615824989989232  1.0000000000000000
  0.01800000  40  1103.2874686074692  24.751305444362515  1.5164594635515385E-002  0.10071122572293215      7.0254832276305939  0.79835643817581314  1.0000000000000000  0.0000000000000000  3.2275981060277341E-002  6.5414151864517898  0.49713681154600753  1.0000000000000000
  0.01825000  40  1104.9711778688998  24.649854423207373  1.5374889150366526E-002  0.10069299114087378      7.0364303392868104  0.79974398514828227  1.0000000000000000  0.0000000000000000  3.2126710499669101E-002  6.5514332479207180  0.49810407407640922  1.0000000000000000
  0.01850000  40  1109.6391112351275  24.571616634586356  1.5592659309226825E-002  0.10067330299419879      7.0477352793208707  0.80117070862090645  1.0000000000000000  0.0000000000000000  3.1973079429072730E-002  6.5618078889734335  0.49910799882443929  1.0000000000000000
  0.01875000  40  1118.4274787285285  24.524094999549952  1.5820756910897953E-002  0.10065232317857352      7.0596355706916807  0.80270205661514582  1.0000000000000000  0.0000000000000000  3.1812251841931351E-002  6.5727360897795375  0.50017364767247485  1.0000000000000000
  0.01900000  40  1132.3137502692027  24.513230534578717  1.6061814796702132E-002  0.10062852291831464      7.0721016583174645  0.80426191830524862  1.0000000000000000  0.0000000000000000  3.1644096875783123E-002  6.5842414731911374  0.50129497225111330  1.0000000000000000
  0.01925000  40  1146.8821843073399  24.507335107257461  1.6304706570175492E-002  0.10060376173753877      7.0846230067986706  0.80581809526769277  1.0000000000000000  0.0000000000000000  3.1476003094789477E-002  6.5958211236761297  0.50243047637081073  1.0000000000000000
  0.01950000  40  1162.1351097828258  24.506240253535204  1.6549376473584690E-002  0.10057822994381992      7.0971955528453821  0.80738251051879040  1.0000000000000000  0.0000000000000000  3.1307977428383892E-002  6.6074758492908421  0.50357946457302216  1.0000000000000000
  0.01975000  40  1121.8662693047540  24.126823370385484  1.6655803835342528E-002  0.10057180836314368      7.1024305476152252  0.80808610505513867  1.0000000000000000  0.0000000000000000  3.1239355391107691E-002  6.6122466092130381  0.50407759348348802  1.0000000000000000
  0.02000000  40  1122.3753245739865  24.029381491088049  1.6863828524867560E-002  0.10055025963146678      7.1129183782784970  0.80935809674719472  1.0000000000000000  0.0000000000000000  3.1100076787525695E-002  6.6219938152506375  0.50505008393708628  1.0000000000000000
  0.02025000  40  1122.0139667903024  23.927605351556863  1.7069248928293521E-002  0.10052978277832053      7.1234218921446182  0.81071525962276059  1.0000000000000000  0.0000000000000000  3.0961673391401830E-002  6.6317322591997172  0.50603297358056443  1.0000000000000000
  0.02050000  40  1129.3648366842458  23.880084174892151  1.7295588262322917E-002  0.10050500663341136      7.1349108344355727  0.81213601832761828  1.0000000000000000  0.0000000000000000  3.0810486978460731E-002  6.6424387070668587  0.50710917348483464  1.0000000000000000
  0.02075000  40  1145.8060406410350  23.894740368873912  1.7546438738911346E-002  0.10047653538636295      7.1476356882619676  0.81370254871839021  1.0000000000000000  0.0000000000000000  3.0643449980894435E-002  6.6543474473239019  0.50831020220864698  1.0000000000000000
  0.02100000  40  1163.4407582065116  23.916939449482570  1.7800360150478506E-002  0.10044678506993859      7.1604949121372101  0.81527796153484355  1.0000000000000000  0.0000000000000000  3.0475513643558737E-002  6.6664057063948245  0.50953077368149191  1.0000000000000000
  0.02125000  40  1131.6643391710986  23.611226973618432  1.7922225108017796E-002  0.10043652455015392      7.1663290090329914  0.81599854780899972  1.0000000000000000  0.0000000000000000  3.0400219887666922E-002  6.6718291464813522  0.51010447516446367  1.0000000000000000
  0.02150000  40  1130.8303924100533  23.513772176785878  1.8126425631260174E-002  0.10041427679932804      7.1766513501943336  0.81732574758755994  1.0000000000000000  0.0000000000000000  3.0267022787153625E-002  6.6814770226012783  0.51110441175548382  1.0000000000000000
  0.02175000  40  1134.1505221864002  23.445453358761984  1.8342729754766841E-002  0.10038871138162545      7.1873664487181301  0.81859548754228095  1.0000000000000000  0.0000000000000000  3.0128489564778999E-002  6.6915753121570560  0.51214311250373235  1.0000000000000000
  0.02200000  40  1142.2285141221555  23.409746630690215  1.8572608760310128E-002  0.10036114268190335      7.1988670462337385  0.82000324750895648  1.0000000000000000  0.0000000000000000  2.9980668059576464E-002  6.7024160118293388  0.51326474296980940  1.0000000000000000
  0.02225000  40  1161.3394608006731  23.446734877325053  1.8833793246153880E-002  0.10032809270188811      7.2119632972824252  0.82158873366625340  1.0000000000000000  0.0000000000000000  2.9812817203506328E-002  6.7148123507837152  0.51454709418223910  1.0000000000000000
  0.02250000  40  1139.6214865560632  23.217948793676204  1.8979036372411554E-002  0.10031353840919471      7.2190390225305237  0.82248821052232657  1.0000000000000000  0.0000000000000000  2.9723319673804309E-002  6.7214481371120360  0.51525895780038566  1.0000000000000000
  0.02275000  40  1140.3305569925526  23.137221988098844  1.9187844914032665E-002  0.10028891048297450      7.2294977386007115  0.82382449736831742  1.0000000000000000  0.0000000000000000  2.9590929685582856E-002  6.7313200569572871  0.51630323072954676  1.0000000000000000
  0.02300000  40  1144.9733489187749  23.083272535808383  1.9408600470531289E-002  0.10026123958062472      7.2404491681092127  0.82515777756406616  1.0000000000000000  0.0000000000000000  2.9452496231348307E-002  6.7417077419989146  0.51739778021729854  1.0000000000000000
  0.02325000  40  1148.9788553709582  23.026124838758864  1.9627869516729284E-002  0.10023309327928964      7.2511728699968501  0.82640768147859345  1.0000000000000000  0.0000000000000000  2.9317077703408679E-002  6.7519307825907795  0.51847820939632316  1.0000000000000000
  0.02350000  40  1169.6125418694064  23.076145566385449  1.9896219778772564E-002  0.10019719875403710      7.2646482202881462  0.82807609335654608  1.0000000000000000  0.0000000000000000  2.9148174096484812E-002  6.7647685706134464  0.51983837828041102  1.0000000000000000
  0.02375000  40  1146.1525405789653  22.845260085184762  2.0033558090437196E-002  0.10018242285559621      7.2711235152466394  0.82884574991440241  1.0000000000000000  0.0000000000000000  2.9067607925756182E-002  6.7709157617385962  0.52051369029873618  1.0000000000000000
  0.02400000  40  1148.8979363571234  22.783209695599073  2.0249134958711387E-002  0.10015431652333691      7.2817385790467188  0.83012853379419793  1.0000000000000000  0.0000000000000000  2.8935617677299106E-002  6.7810472299897651  0.52160239122355279  1.0000000000000000
  0.02425000  40  1147.8421091696373  22.697923167485019  2.0452743190123111E-002  0.10012871793701333      7.2918456885674381  0.83141996749292169  1.0000000000000000  0.0000000000000000  2.8810853918793313E-002  6.7906749521357526  0.52264922991926221  1.0000000000000000
  0.02450000  40  1164.5101811662050  22.725769311589556  2.0712021798225264E-002  0.10009228649690617      7.3046650295399109  0.83294647146413414  1.0000000000000000  0.0000000000000000  2.8652386695311276E-002  6.8029895501012518  0.52397607906966415  1.0000000000000000
  0.02475000  40  1186.5774156617090  22.786469971526188  2.0987629614308469E-002  0.10005172347001826      7.3181819581584993  0.83447688636594108  1.0000000000000000  0.0000000000000000  2.8485689828389112E-002  6.8160450987469439  0.52537607576712197  1.0000000000000000
  0.02500000  40  1150.8238471736249  22.487420192773374  2.1083649674068828E-002  0.10004467180241330      7.3227460829863062  0.83515524659325990  1.0000000000000000  0.0000000000000000  2.8431212446356290E-002  6.8203103807731651  0.52588302294750000  1.0000000000000000
  0.02525000  40  1151.2404101889274  22.415571118049957  2.1292439458986109E-002  0.10001575485821596      7.3328075670849202  0.83630044267629366  1.0000000000000000  0.0000000000000000  2.8308199130198178E-002  6.8300259061062434  0.52694386236699209  1.0000000000000000
  0.02550000  40  1164.8734308442777  22.426984314923409  2.1544105340635684E-002  9.9979211826126152E-002  7.3451884226048332  0.83776475703196307  1.0000000000000000  0.0000000000000000  2.8157641514964919E-002  6.8419917022479133  0.52825452187426425  1.0000000000000000
  0.02575000  40  1187.8285562531653  22.495239899060596  2.1824998964763316E-002  9.9937272030555954E-002  7.3592018443889717  0.83947342984513207  1.0000000000000000  0.0000000000000000  2.7988411173869923E-002  6.8555402460141801  0.52974573162485794  1.0000000000000000
  0.02600000  40  1155.2256924782203  22.222657230595328  2.1927395619601428E-002  9.9927446099193684E-002  7.3637854377402316  0.84001373847305882  1.0000000000000000  0.0000000000000000  2.7933669564399511E-002  6.8599323553087004  0.53025845299169116  1.0000000000000000
  0.02625000  40  1158.2020134759696  22.170256071070732  2.2144768789379522E-002  9.9896320363999480E-002  7.3743899837892819  0.84127658000810568  1.0000000000000000  0.0000000000000000  2.7806493690380425E-002  6.8702054714083349  0.53140469732542228  1.0000000000000000
  0.02650000  40  1170.0591497977525  22.172978653343080  2.2392154703033362E-002  9.9859184552547026E-002  7.3865231226795309  0.84270418610592679  1.0000000000000000  0.0000000000000000  2.7661400633274203E-002  6.8820046284864560  0.53271686432579279  1.0000000000000000
  0.02675000  40  1193.7532015581946  22.247026169024949  2.2678402323934865E-002  9.9814048237194836E-002  7.4006384397766265  0.84433947308106450  1.0000000000000000  0.0000000000000000  2.7493288772074308E-002  6.8957790209429426  0.53424900065222414  1.0000000000000000
  0.02700000  40  1157.4193640770245  21.958262263301044  2.2764339494530543E-002  9.9807640322742891E-002  7.4045023113932249  0.84487277742707134  1.0000000000000000  0.0000000000000000  2.7448510973912422E-002  6.8994460104225324  0.53470087737282779  1.0000000000000000
  0.02725000  40  1161.6556901871284  21.916690621830110  2.2986268715431222E-002  9.9775249273933678E-002  7.4154732320352972  0.84625098790713127  1.0000000000000000  0.0000000000000000  2.7319584274998778E-002  6.9100919441074993  0.53592118304959513  1.0000000000000000
  0.02750000  40  1179.5168503348355  21.957800457904177  2.3256187486718725E-002  9.9731520408626873E-002  7.4285907897847618  0.84768745605229623  1.0000000000000000  0.0000000000000000  2.7164715979851234E-002  6.9229881967473705  0.53735827766684041  1.0000000000000000
  0.02775000  40  1204.0871261317143  22.037706751260203  2.3547698579934703E-002  9.9683631751746646E-002  7.4429705447415184  0.84933598038481128  1.0000000000000000  0.0000000000000000  2.6996372433648063E-002  6.9371089218561313  0.53895105286463540  1.0000000000000000
  0.02800000  40  1166.8012723899415  21.750189222461437  2.3627695847193052E-002  9.9678307410773020E-002  7.4465065719978156  0.84984008415595214  1.0000000000000000  0.0000000000000000  2.6956164992039604E-002  6.9404749150553240  0.53938124224781347  1.0000000000000000
  0.02825000  40  1168.4703046901056  21.695831897270200  2.3841109615507412E-002  9.9646474857503387E-002  7.4570490390674520  0.85117105488751266  1.0000000000000000  0.0000000000000000  2.6834511658377275E-002  6.9507535379121546  0.54058129948333189  1.0000000000000000
  0.02850000  40  1192.8967744467238  21.776984851432715  2.4136104579787498E-002  9.9596110716605291E-002  7.4714469221744917  0.85272345709918085  1.0000000000000000  0.0000000000000000  2.6667367752683635E-002  6.9650036376668645  0.54218943418267507  1.0000000000000000
  0.02875000  40  1218.5879042150468  21.863467021203853  2.4433028966174494E-002  9.9546178779949007E-002  7.4862914910096023  0.85449855709886480  1.0000000000000000  0.0000000000000000  2.6497239887727984E-002  6.9796134002343067  0.54387463060960883  1.0000000000000000
  0.02900000  40  1165.9062885760952  21.491941556390643  2.4455073747725955E-002  9.9552776190438980E-002  7.4868396592957698  0.85470130367139496  1.0000000000000000  0.0000000000000000  2.6492233879283299E-002  6.9800117130296915  0.54399101066156152  1.0000000000000000
  0.02925000  40  1184.5787435779534  21.540580962186805  2.4731728072187729E-002  9.9505995481216969E-002  7.5004714510558887  0.85625805137987454  1.0000000000000000  0.0000000000000000  2.6336498239169580E-002  6.9934975592274018  0.54554911591410027  1.0000000000000000
  0.02950000  40  1168.1676134418394  21.383174896772424  2.4879511607863249E-002  9.9485178807986269E-002  7.5073066044624115  0.85700628614743835  1.0000000000000000  0.0000000000000000  2.6258863296862268E-002  7.0002507348111918  0.54634886510709402  1.0000000000000000
  0.02975000  40  1170.3378169754951  21.335869248118502  2.5095202610849993E-002  9.9451457223513229E-002  7.5179974553480164  0.85835952449014030  1.0000000000000000  0.0000000000000000  2.6138620128689848E-002  7.0107568996556342  0.54760555810803524  1.0000000000000000
  0.03000000  40  1178.4253226395563  21.323722271075592  2.5333864680325377E-002  9.9411719317512554E-002  7.5296979270834399  0.85971063578762275  1.0000000000000000  0.0000000000000000  2.6006860604422088E-002  7.0223545547699127  0.54896928796927369  1.0000000000000000
  0.03025000  40  1203.9308006149520  21.412173037118652  2.5637680672688921E-002  9.9356807593656171E-002  7.5445842721299909  0.86128093816300422  1.0000000000000000  0.0000000000000000  2.5839185046143274E-002  7.0372418327238133  0.55068899251700532  1.0000000000000000
  0.03050000  40  1170.7612292276681  21.161998811166363  2.5721132446902481E-002  9.9350317529253329E-002  7.5482690202523166  0.86181022837944998  1.0000000000000000  0.0000000000000000  2.5798899413615815E-002  7.0408083250255311  0.55116277423149529  1.0000000000000000
  0.03075000  40  1174.4706334188293  21.126023706196055  2.5943206935184395E-002  9.9314181982531294E-002  7.5593334607145906  0.86320202059061346  1.0000000000000000  0.0000000000000000  2.5676659985920926E-002  7.0517353528581204  0.55248821864754771  1.0000000000000000
  0.03100000  40  1200.0602451816469  21.216031940204559  2.6250488130961952E-002  9.9257203951253425E-002  7.5744349574875134  0.86477611020231115  1.0000000000000000  0.0000000000000000  2.5508705231264205E-002  7.0668978035633430  0.55425280009361177  1.0000000000000000
  0.03125000  40  1171.7100933212944  20.996812248881426  2.6348971649452581E-002  9.9247292701851009E-002  7.5788985777966769  0.86538920344293979  1.0000000000000000  0.0000000000000000  2.5460302503671661E-002  7.0712605580048979  0.55482660949920359  1.0000000000000000
  0.03150000  40  1174.5117157112140  20.957244579830824  2.6568300107892722E-002  9.9210265491032956E-002  7.5896493645927041  0.86663521799117116  1.0000000000000000  0.0000000000000000  2.5342437331044583E-002  7.0819854351028919  0.55612150950616412  1.0000000000000000
  0.03175000  40  1198.1653296910408  21.036917317790039  2.6870262205962888E-002  9.9154305804351514E-002  7.6047208072920682  0.86831709894397691  1.0000000000000000  0.0000000000000000  2.5177672408484526E-002  7.0971004173763550  0.55792371614226099  1.0000000000000000
  0.03200000  40  1170.8972511097431  20.826817042181101  2.6969931646966996E-002  9.9143896428672121E-002  7.6092534833247178  0.86893960968548556  1.0000000000000000  0.0000000000000000  2.5129120405423266E-002  7.1015512089510544  0.55851363158166523  1.0000000000000000
  0.03225000  40  1176.1443702558154  20.802822739977067  2.7199631392305530E-002  9.9103798457381265E-002  7.6205830205356122  0.87024339828588571  1.0000000000000000  0.0000000000000000  2.5006494260901371E-002  7.1129019705093679  0.55989504840958859  1.0000000000000000
  0.03250000  40  1198.1912415915115  20.873979492774335  2.7496957087427214E-002  9.9048551883226088E-002  7.6356983242087839  0.87204731477309072  1.0000000000000000  0.0000000000000000  2.4844240994353877E-002  7.1280335861639461  0.56173969503293830  1.0000000000000000
  0.03275000  40  1173.7601533555692  20.682878818631693  2.7605762447053248E-002  9.9035919293498642E-002  7.6407220953148176  0.87273082266435220  1.0000000000000000  0.0000000000000000  2.4791025324397736E-002  7.1329986594626877  0.56240017906376716  1.0000000000000000
  0.03300000  40  1175.7560373602601  20.641818826031272  2.7822964956419480E-002  9.8997219402765319E-002  7.6512120459631188  0.87381969020567762  1.0000000000000000  0.0000000000000000  2.4678391890853649E-002  7.1436133783771734  0.56368825300252645  1.0000000000000000
  0.03325000  40  1199.6613555576180  20.724032658736217  2.8130196144852619E-002  9.8938657279548009E-002  7.6669307542587886  0.87568665099620280  1.0000000000000000  0.0000000000000000  2.4511932269595624E-002  7.1594067965291224  0.56563079368934610  1.0000000000000000
  0.03350000  40  1177.7443418735218  20.549798510438926  2.8247586392444995E-002  9.8923889342146826E-002  7.6724201486572197  0.87642292928262511  1.0000000000000000  0.0000000000000000  2.4454479543932574E-002  7.1648639073936504  0.56635841600205783  1.0000000000000000
  0.03375000  40  1179.7590319367716  20.510231015838535  2.8464672610053161E-002  9.8885294513871222E-002  7.6831870198757084  0.87767360802595129  1.0000000000000000  0.0000000000000000  2.4341196712522981E-002  7.1757182916300355  0.56771306259172960  1.0000000000000000
  0.03400000  40  1202.5509979593280  20.586486511361755  2.8770400982432359E-002  9.8824170739947426E-002  7.6984421216028913  0.87921069399067542  1.0000000000000000  0.0000000000000000  2.4180461682564169E-002  7.1912650045804982  0.56959118352082050  1.0000000000000000
  0.03425000  40  1179.9426402299905  20.410958924632535  2.8883180822267703E-002  9.8810323347692658E-002  7.7036972034293099  0.87992842452095621  1.0000000000000000  0.0000000000000000  2.4126265314194005E-002  7.1965003974537431  0.57030187947681132  1.0000000000000000
  0.03450000  40  1180.4542126547060  20.364383270492453  2.9094018252548849E-002  9.8772588049599153E-002  7.7141875703039453  0.88115091421380476  1.0000000000000000  0.0000000000000000  2.4017449511889041E-002  7.2071077466789797  0.57164059242318310  1.0000000000000000
  0.03475000  40  1176.5574622542485  20.293785682476638  2.9284740700078089E-002  9.8740412164156438E-002  7.7238850067856974  0.88245742563864904  1.0000000000000000  0.0000000000000000  2.3918248970494035E-002  7.2168099155031866  0.57291438223953972  1.0000000000000000
  0.03500000  40  1177.8151439936507  20.252325813421411  2.9498881458323332E-002  9.8701549239120723E-002  7.7345882986545869  0.88370611147152134  1.0000000000000000  0.0000000000000000  2.3808227153904536E-002  7.2276545625305211  0.57429357187457730  1.0000000000000000
  0.03525000  40  1185.6800335609862  20.247735563408522  2.9743312794022880E-002  9.8654012051636375E-002  7.7466849733109218  0.88492968623776513  1.0000000000000000  0.0000000000000000  2.3683618791907089E-002  7.2400360947186648  0.57583001872650597  1.0000000000000000
  0.03550000  40  1180.4900244415089  20.171541616802561  2.9928851480007578E-002  9.8621704267402938E-002  7.7559001788181572  0.88603604286147464  1.0000000000000000  0.0000000000000000  2.3589979200186812E-002  7.2493727608703740  0.57704013650954211  1.0000000000000000
  0.03575000  40  1175.7899512300219  20.098545593009888  3.0115386090295987E-002  9.8589958593098492E-002  7.7654617085361668  0.88735101691104346  1.0000000000000000  0.0000000000000000  2.3494028795635495E-002  7.2589730246553081  0.57832187962059622  1.0000000000000000
  0.03600000  40  1192.5517886094456  20.143643283192709  3.0400381639121343E-002  9.8532227756353563E-002  7.7801112032943447  0.88897650811812456  1.0000000000000000  0.0000000000000000  2.3346180772095083E-002  7.2739183261278804  0.58021318959935930  1.0000000000000000
  0.03625000  40  1182.3722342881492  20.041748999100566  3.0563781694644292E-002  9.8504240898162176E-002  7.7878988784895000  0.88978960820554953  1.0000000000000000  0.0000000000000000  2.3267463877945527E-002  7.2819169718547219  0.58124595200766749  1.0000000000000000
  0.03650000  40  1181.4853466128693  19.991049562241283  3.0768520797128527E-002  9.8466482805545569E-002  7.7982399792631591  0.89101544335297689  1.0000000000000000  0.0000000000000000  2.3164260978706566E-002  7.2924523599522546  0.58261867571850678  1.0000000000000000
  0.03675000  40  1200.2607767756263  20.047290586677008  3.1063972564250881E-002  9.8404874388683283E-002  7.8135795824244108  0.89269748578926711  1.0000000000000000  0.0000000000000000  2.3011778369759546E-002  7.3081540640174527  0.58462117162398086  1.0000000000000000
  0.03700000  40  1181.6038787277096  19.901234779349355  3.1186010178686600E-002  9.8389232770016127E-002  7.8197377078464143  0.89373748774784478  1.0000000000000000  0.0000000000000000  2.2952118710663241E-002  7.3142821828369531  0.58551211993004260  1.0000000000000000
  0.03725000  40  1182.6055822853284  19.862038955439481  3.1399650678343868E-002  9.8348509645869137E-002  7.8306570005733231  0.89502591870491877  1.0000000000000000  0.0000000000000000  2.2844766652841166E-002  7.3254379639212726  0.58697698118159336  1.0000000000000000
  0.03750000  40  1184.0366911454105  19.825532137836042  3.1616258914128427E-002  9.8305987731986039E-002  7.8414500425983791  0.89611762743362333  1.0000000000000000  0.0000000000000000  2.2738265975354124E-002  7.3365874373299889  0.58841388557148400  1.0000000000000000
  0.03775000  40  1178.1476140199884  19.749894704127868  3.1796021346713083E-002  9.8274864193524464E-002  7.8508636046020470  0.89747969988552079  1.0000000000000000  0.0000000000000000  2.2647588831434161E-002  7.3460910509691759  0.58972973127636763  1.0000000000000000
  0.03800000  40  1191.7784040614356  19.779719412490966  3.2071540991341435E-002  9.8216097245077211E-002  7.8649897603781458  0.89886054274143468  1.0000000000000000  0.0000000000000000  2.2509698994827285E-002  7.3607181634928942  0.59159342186193831  1.0000000000000000
  0.03825000  40  1182.4794373958707  19.686741466606538  3.2234940908083876E-002  9.8189120722227019E-002  7.8735480972209952  0.90016583064055489  1.0000000000000000  0.0000000000000000  2.2428258366725788E-002  7.3693536827851904  0.59281636803552451  1.0000000000000000
  0.03850000  40  1180.2697543098177  19.632193957642468  3.2434004137870530E-002  9.8150627609172397E-002  7.8834627632911314  0.90118338975167522  1.0000000000000000  0.0000000000000000  2.2332288521642867E-002  7.3796334202056570  0.59416855403832791  1.0000000000000000
  0.03875000  40  1183.5494235046147  19.607417673613242  3.2659248320919564E-002  9.8105585991403732E-002  7.8952195746905192  0.90256677567741495  1.0000000000000000  0.0000000000000000  2.2220012790406949E-002  7.3917239697328920  0.59578060944453060  1.0000000000000000
  0.03900000  40  1182.0348198275437  19.557355107338747  3.2860839229159146E-002  9.8066897519830054E-002  7.9056712817819479  0.90384713696373697  1.0000000000000000  0.0000000000000000  2.2120823567412417E-002  7.4024606043565964  0.59723763476855407  1.0000000000000000
  0.03925000  40  1187.0428494880357  19.542366455966825  3.3094004442999085E-002  9.8020117850624519E-002  7.9183109751788869  0.90554397793235353  1.0000000000000000  0.0000000000000000  2.2002380066105161E-002  7.4153566730613125  0.59900577362486274  1.0000000000000000
  0.03950000  40  1181.8827121230602  19.473675929176196  3.3277284944490879E-002  9.7986213863201554E-002  7.9277970429529852  0.90675795063094111  1.0000000000000000  0.0000000000000000  2.1913314953080743E-002  7.4251108105110895  0.60035155502917248  1.0000000000000000
  0.03975000  40  1181.3513425833376  19.429947357690480  3.3484717999192698E-002  9.7944551676186389E-002  7.9383244174437468  0.90783725679113481  1.0000000000000000  0.0000000000000000  2.1813971637769183E-002  7.4360764645420296  0.60181596238177071  1.0000000000000000
  0.04000000  40  1199.3315823098774  19.484068099758719  3.3783764557692608E-002  9.7878277034222042E-002  7.9549036217208009  0.90988197883532373  1.0000000000000000  0.0000000000000000  2.1660854586992684E-002  7.4530975900158598  0.60411099096804266  1.0000000000000000
  0.04025000  40  1181.5732091973041  19.350328186139034  3.3904164744294786E-002  9.7861248792557309E-002  7.9604704692659851  0.91056748311127933  1.0000000000000000  0.0000000000000000  2.1608509707167524E-002  7.4589253143516876  0.60495383051657092  1.0000000000000000
  0.04050000  40  1185.6107173499424  19.331681850365520  3.4133163836358789E-002  9.7814552558395038E-002  7.9731205061484616  0.91231899545099659  1.0000000000000000  0.0000000000000000  2.1493097500701698E-002  7.4718709343116423  0.60676438431081725  1.0000000000000000
  0.04075000  40  1182.6438953228330  19.276488362795700  3.4327026624617493E-002  9.7777041696091041E-002  7.9833771050948323  0.91364230419632353  1.0000000000000000  0.0000000000000000  2.1399244339961043E-002  7.4824662860195854  0.60824670532845915  1.0000000000000000
  0.04100000  40  1180.8182097481899  19.227648647033362  3.4527792758334210E-002  9.7736504311127514E-002  7.9936737911366684  0.91472585612896662  1.0000000000000000  0.0000000000000000  2.1304489300592630E-002  7.4932423319975525  0.60972127118182184  1.0000000000000000
  0.04125000  40  1193.4023367500197  19.254433033415754  3.4801990045787282E-002  9.7675770702563641E-002  8.0091398272800163  0.91672577002995226  1.0000000000000000  0.0000000000000000  2.1165574527618719E-002  7.5091461332243981  0.61191770648720778  1.0000000000000000
  0.04150000  40  1192.1208069561640  19.209034145375046  3.5006099283254641E-002  9.7633881693415289E-002  8.0197123021407482  0.91783937683296757  1.0000000000000000  0.0000000000000000  2.1069495162722766E-002  7.5202287889109183  0.61344500967678373  1.0000000000000000
  0.04175000  40  1188.1534869738828  19.150017955004394  3.5194720097391392E-002  9.7597292330888971E-002  8.0298172411614175  0.91918908974649571  1.0000000000000000  0.0000000000000000  2.0979034740012951E-002  7.5306991218568662  0.61494032465697057  1.0000000000000000
  0.04200000  40  1179.1239227914994  19.064993048707066  3.5354285157419965E-002  9.7570461543699694E-002  8.0386545940220682  0.92075059649827229  1.0000000000000000  0.0000000000000000  2.0901239427916531E-002  7.5397128481450171  0.61630669560297313  1.0000000000000000
  0.04225000  40  1179.5556657772031  19.029560957347620  3.5567129983169382E-002  9.7525576244059525E-002  8.0498376177544912  0.92192884228626326  1.0000000000000000  0.0000000000000000  2.0801067176391543E-002  7.5514567922532319  0.61793967540255501  1.0000000000000000
  0.04250000  40  1187.7998253276919  19.034874128154687  3.5821377744382453E-002  9.7468649301830371E-002  8.0640014153498392  0.92361489652182605  1.0000000000000000  0.0000000000000000  2.0676340080729008E-002  7.5661830367181526  0.61999103935631017  1.0000000000000000
  0.04275000  40  1179.3320782935989  18.953922055959683  3.5984388598445043E-002  9.7439787300321615E-002  8.0727030928467549  0.92493022645884404  1.0000000000000000  0.0000000000000000  2.0599947614056004E-002  7.5752152934698618  0.62134193743316835  1.0000000000000000
  0.04300000  40  1189.0808930358019  18.967399901844963  3.6247496906249302E-002  9.7379566652323252E-002  8.0875329379183718  0.92668173532806830  1.0000000000000000  0.0000000000000000  2.0470862459983998E-002  7.5906525162927636  0.62350073549648677  1.0000000000000000
  0.04325000  40  1181.4585798679748  18.891568083993604  3.6413359723732927E-002  9.7350541234584559E-002  8.0969637335123501  0.92840500163603878  1.0000000000000000  0.0000000000000000  2.0390022951905763E-002  7.6003193395833684  0.62498791780889607  1.0000000000000000
  0.04350000  40  1180.9961184813064  18.852927858829627  3.6620070532013015E-002  9.7307761838930515E-002  8.1084609509885333  0.92996951584099707  1.0000000000000000  0.0000000000000000  2.0290894088187770E-002  7.6122906998021040  0.62673171907437153  1.0000000000000000
  0.04375000  40  1184.0131852370610  18.832434971432935  3.6847890210364012E-002  9.7257085589576880E-002  8.1208264844133620  0.93127965262341150  1.0000000000000000  0.0000000000000000  2.0183926491792365E-002  7.6253202777600908  0.62858042034641914  1.0000000000000000
  0.04400000  40  1180.4466754590139  18.778425447938481  3.7037060068541870E-002  9.7219718999609975E-002  8.1313285565909830  0.93281457532436063  1.0000000000000000  0.0000000000000000  2.0094294307459102E-002  7.6362682669316406  0.63021629850932370  1.0000000000000000
  0.04425000  40  1185.3667954055968  18.768147495005387  3.7274478665455808E-002  9.7166461630425610E-002  8.1448985780436320  0.93455597084179542  1.0000000000000000  0.0000000000000000  1.9979403518729788E-002  7.6504301261408418  0.63226406671409663  1.0000000000000000
  0.04450000  40  1179.8959320686226  18.705014718435649  3.7450872699852623E-002  9.7134009057480222E-002  8.1552244413506436  0.93648876880423670  1.0000000000000000  0.0000000000000000  1.9893228992506558E-002  7.6610657117191039  0.63391867420132775  1.0000000000000000
  0.04475000  40  1185.0289212336261  18.696266831969332  3.7689854012193047E-002  9.7079826299958039E-002  8.1690253120882996  0.93828729089659446  1.0000000000000000  0.0000000000000000  1.9777733674681112E-002  7.6754857126083431  0.63602062859632058  1.0000000000000000
  0.04500000  40  1180.0123221431595  18.636071356390573  3.7871723518712146E-002  9.7043811630736873E-002  8.1787259744049869  0.93951486243217575  1.0000000000000000  0.0000000000000000  1.9695708595059952E-002  7.6857641340997969  0.63758090299411996  1.0000000000000000
  0.04525000  40  1179.4075834521225  18.598613364865471  3.8077437526541302E-002  9.7000704094906742E-002  8.1905162968473491  0.94124748903221933  1.0000000000000000  0.0000000000000000  1.9597847543128776E-002  7.6981049499372940  0.63944703469259467  1.0000000000000000
  0.04550000  40  1180.5265126473435  18.570163918129914  3.8293305701666121E-002  9.6953768508285229E-002  8.2030325072491639  0.94303794745809744  1.0000000000000000  0.0000000000000000  1.9494757013795556E-002  7.7111989108753782  0.64141686753853022  1.0000000000000000
  0.04575000  40  1178.9724732657637  18.528406216078210  3.8491444195738932E-002  9.6913843473039607E-002  8.2150457131384229  0.94525523063335770  1.0000000000000000  0.0000000000000000  1.9397262783833580E-002  7.7236347907201122  0.64335221894887540  1.0000000000000000
  0.04600000  40  1183.4083613841228  18.517186518707739  3.8727127143749797E-002  9.6859951608028017E-002  8.2289805059946630  0.94718294230846489  1.0000000000000000  0.0000000000000000  1.9283945405370120E-002  7.7382364792522100  0.64553766445534966  1.0000000000000000
  0.04625000  40  1178.6087228295114  18.459558598135803  3.8907491084689390E-002  9.6825281632783436E-002  8.2393724241381445  0.94898315955886225  1.0000000000000000  0.0000000000000000  1.9199560294941725E-002  7.7491333358756078  0.64727082570372174  1.0000000000000000
  0.04650000  40  1185.3163376857069  18.460163958454302  3.9157158418365499E-002  9.6766028210344981E-002  8.2543762097605065  0.95100875334364399  1.0000000000000000  0.0000000000000000  1.9079184834323096E-002  7.7648610332395887  0.64962474459083608  1.0000000000000000
  0.04675000  40  1177.9377823060977  18.390136786629476  3.9323505685864582E-002  9.6735555527944217E-002  8.2633191578550704  0.95238487383158110  1.0000000000000000  0.0000000000000000  1.9006109234585112E-002  7.7744026274605638  0.65119417874205010  1.0000000000000000
  0.04700000  40  1142.9822669966327  18.180141360532122  3.9310396953064319E-002  9.6771631966960037E-002  8.2610028665070878  0.95396479192529093  1.0000000000000000  0.0000000000000000  1.9022023155084632E-002  7.7720538524013234  0.65134704484414319  1.0000000000000000
  0.04725000  40  1176.2757169565184  18.316698830389782  3.9728983677654768E-002  9.6651280576556878E-002  8.2880879979543156  0.95690856233842669  1.0000000000000000  0.0000000000000000  1.8810256226637536E-002  7.8002861376725292  0.65531112578489137  1.0000000000000000
  0.04750000  40  1177.7980808818129  18.292133212198852  3.9947313783939412E-002  9.6602959876320782E-002  8.3012960376620626  0.95902192582081391  1.0000000000000000  0.0000000000000000  1.8706384073849482E-002  7.8141705170259002  0.65749613448971389  1.0000000000000000
  0.04775000  40  1180.2452807808588  18.272377142072912  4.0171470069762551E-002  9.6552329938219161E-002  8.3149799615977251  0.96119234267704989  1.0000000000000000  0.0000000000000000  1.8599537043230276E-002  7.8285581608995027  0.65976293357506188  1.0000000000000000
  0.04800000  40  1178.0957411462655  18.229882077149323  4.0369071748833356E-002  9.6510676719101768E-002  8.3262288108701767  0.96282677442060871  1.0000000000000000  0.0000000000000000  1.8510823123877015E-002  7.8405480280328375  0.66173090941599022  1.0000000000000000
  0.04825000  20  554.06883886892990  14.162046482965781  6.6693932002180939E-003  0.15035776320217614      5.2872133186344881  5.2872133185942172   1.0000000000000000  0.0000000000000000  1.1916145245053529E-002  7.1452823465766411  0.71358773877035442  1.0000000000000000
  0.04850000  22  522.73006125482573  13.892604266999554  4.8500000109744792E-006  5.7567242844156125E-002  13.892604266970308  1.7134670543460935   1.0000000000000000  0.0000000000000000  9.9820548168213612E-003  7.5487227036344828  1.1539980115849713   1.0000000000000000
  0.04875000  20  543.89751772229340  14.029611700408859  9.1369998992788110E-003  0.13825657381850953      5.4706879590135342  5.4706879590035662   1.0000000000000000  0.0000000000000000  1.2691428442658069E-002  6.9702443968690275  0.73930241667626784  1.0000000000000000
  0.04900000  20  510.63855857795176  13.724758301278023  4.5213648409328641E-003  0.15948377057647631      5.0876053888639383  5.0876053888539445   1.0000000000000000  0.0000000000000000  1.5448530411936385E-002  6.3797426897049299  0.88706749435098620  1.0000000000000000
  0.04925000  20  483.25986432831763  13.461676529408495  2.7824553134348902E-002  0.15999999798614900      3.4112485869546845  3.4112485869408582   1.0000000000000000  0.0000000000000000  2.1548345751772831E-002  5.7763976268709758  0.71132851345733350  1.0000000000000000
  0.04950000  20  559.47465124446114  14.085757636020412  4.9500000110904633E-006  8.1472544484654214E-002  12.029105354513590  3.4665912680413435   1.0000000000000000  0.0000000000000000  1.1610278243664755E-002  7.1275189184895327  0.83707869176531013  1.0000000000000000
  0.04975000  20  592.71576771233617  14.326027728958072  4.9750000295010977E-006  0.11647237596668444      8.6347748614084701  5.8092342768180352   1.0000000000000000  0.0000000000000000  1.8668159019956221E-002  5.6651405289646348  1.1530431496581373   1.0000000000000000
  0.05000000  20  562.37483678123783  14.062029219904501  5.0000000099883239E-006  6.1751447850789398E-002  14.062029219900811  2.0949249568708943   1.0000000000000000  0.0000000000000000  5.3028691094505146E-003  9.4088974645850030  0.86949031036603475  1.0000000000000000
