# rho_B   Z   N                   tau_n                    tau_p                    tau_t                    field                     spin-orbit                coul_dir                 coul_exc                  coul_tot                 skyrme                    strut_p                   pair_n                   e_pair_bcs_p             k_e                      coul_ee                  coul_pe                   mu_n                     mu_p                     mu_e                     mu_t                     e_t                      e/a_t
  0.0013  20  198.76149407512611  1.1301569670933497E+003  2.7374716406449659E+002  1.4039041311578462E+003  -1.7392096035547852E+003  -3.3815536369344521E+001  7.1685766713666524E+001  -6.8403232503868638E+000  6.4845443463279693E+001  -3.0427556530300154E+002  -2.0257329868978786E+000  0.0000000000000000E+000  0.0000000000000000E+000  4.4012431857417744E+002  1.0609701716923951E+001  -2.5124859244374768E+001  0.0000000000000000E+000  0.0000000000000000E+000  0.0000000000000000E+000  0.0000000000000000E+000  1.0366100275668305E+002  4.7385397138804708E-001
  0.0013  22  219.08151817899483  1.2497540434674586E+003  3.0184677290244537E+002  1.5516008163699039E+003  -1.9292793192835188E+003  -3.6209477577617974E+001  8.4169433387601714E+001  -7.5485660313485425E+000  7.6620867356253186E+001  -3.3726711313498043E+002  2.7861029791183682E+000   0.0000000000000000E+000  0.0000000000000000E+000  4.8383271250067406E+002  1.2391222191590032E+001  -2.9433044663369614E+001  0.0000000000000000E+000  0.0000000000000000E+000  0.0000000000000000E+000  0.0000000000000000E+000  1.1509833387293131E+002  4.7742495874607949E-001
  0.0013  24  237.57231632802578  1.3669648575292076E+003  3.2993705961392158E+002  1.6969019171431291E+003  -2.1195621588163685E+003  -3.8507062416526651E+001  9.7436194630532441E+001  -8.2574455101893953E+000  8.9178749120342943E+001  -3.7198855496942394E+002  4.8014720267391340E+000   0.0000000000000000E+000  0.0000000000000000E+000  5.2879640054944355E+002  1.4313768243045855E+001  -3.4088154285908935E+001  0.0000000000000000E+000  0.0000000000000000E+000  0.0000000000000000E+000  0.0000000000000000E+000  1.2305869956382341E+002  4.7045765886031243E-001
  0.0013  26  252.19130415779014  1.4787169639286103E+003  3.5805273995969105E+002  1.8367697038883014E+003  -2.3092740551003776E+003  -4.0719512501936990E+001  1.1146789685826400E+002  -8.9672995643705704E+000  1.0250059729389342E+002  -4.1072326642012064E+002  4.3412544243826687E+000   0.0000000000000000E+000  0.0000000000000000E+000  5.7647552257656275E+002  1.6420188622312534E+001  -3.9191748454112535E+001  0.0000000000000000E+000  0.0000000000000000E+000  0.0000000000000000E+000  0.0000000000000000E+000  1.2698103274897173E+002  4.5643891717205148E-001
  0.0013  28  265.80982801638305  1.5892364598680263E+003  3.8614315331969834E+002  1.9753796131877245E+003  -2.4992815259043332E+003  -4.2855934699583152E+001  1.2623580544495692E+002  -9.6774329320212367E+000  1.1655837251293575E+002  -4.5019947490325683E+002  1.6721052651259924E+000   0.0000000000000000E+000  0.0000000000000000E+000  6.2495586730397906E+002  1.8662672589533585E+001  -4.4631160752779103E+001  0.0000000000000000E+000  0.0000000000000000E+000  0.0000000000000000E+000  0.0000000000000000E+000  1.2855440550256350E+002  4.3754290443441468E-001
  0.0013  30  286.46930291088387  1.7106624860359670E+003  4.1404275927893661E+002  2.1247052453149036E+003  -2.6923515364185541E+003  -4.4922830956237775E+001  1.4169185888582794E+002  -1.0385737569534779E+001  1.3130612131629320E+002  -4.8126300074359477E+002  6.0540053504046227E+000   0.0000000000000000E+000  0.0000000000000000E+000  6.6838713583331980E+002  2.0862833367793755E+001  -4.9982629841255054E+001  0.0000000000000000E+000  0.0000000000000000E+000  0.0000000000000000E+000  0.0000000000000000E+000  1.4058805396665201E+002  4.4422732523717445E-001
  0.0013  32  304.90942559182309  1.8289981229335599E+003  4.4193298985402890E+002  2.2709311127875890E+003  -2.8851896128605817E+003  -4.6926921195060920E+001  1.5784734133979066E+002  -1.1094402133376221E+001  1.4675293920641448E+002  -5.1443248206163798E+002  7.7256822242952694E+000   0.0000000000000000E+000  0.0000000000000000E+000  7.1342036425123342E+002  2.3210201197826464E+001  -5.5695032221863791E+001  0.0000000000000000E+000  0.0000000000000000E+000  0.0000000000000000E+000  0.0000000000000000E+000  1.4919375738985124E+002  4.4283046438124585E-001
  0.0013  34  320.75957711560301  1.9437202530047844E+003  4.6982048058731351E+002  2.4135407335920977E+003  -3.0776457155073099E+003  -4.8874392080663462E+001  1.7468801637452751E+002  -1.1803462470932217E+001  1.6288455390359533E+002  -5.5009482009227656E+002  6.9462970625377238E+000   0.0000000000000000E+000  0.0000000000000000E+000  7.6033706135227908E+002  2.5718154442694534E+001  -6.1800551670297281E+001  0.0000000000000000E+000  0.0000000000000000E+000  0.0000000000000000E+000  0.0000000000000000E+000  1.5450647909492039E+002  4.3552447646554193E-001
  0.0013  36  336.54063121681139  2.0586048686048548E+003  4.9765342467532849E+002  2.5562582932801834E+003  -3.2705502634397362E+003  -5.0769098142154704E+001  1.9218911615139587E+002  -1.2512242792249033E+001  1.7967687335914690E+002  -5.8538419494256300E+002  5.6088906375423448E+000   0.0000000000000000E+000  0.0000000000000000E+000  8.0732984867169625E+002  2.8329653202695940E+001  -6.8163466744750806E+001  0.0000000000000000E+000  0.0000000000000000E+000  0.0000000000000000E+000  0.0000000000000000E+000  1.5955638282460757E+002  4.2828243142718669E-001
  0.0013  38  351.53533650769810  2.1725298311852948E+003  5.2544781125191844E+002  2.6979776424372130E+003  -3.4636043279127721E+003  -5.2615326362427325E+001  2.1033976902366288E+002  -1.3220906781621562E+001  1.9711886224204133E+002  -6.2112314959594539E+002  2.9972705466543630E+000   0.0000000000000000E+000  0.0000000000000000E+000  8.5493239007183547E+002  3.1061996403272744E+001  -7.4824916105557065E+001  0.0000000000000000E+000  0.0000000000000000E+000  0.0000000000000000E+000  0.0000000000000000E+000  1.6331455732024992E+002  4.1924519794010440E-001
  0.0013  40  367.88475623392748  2.2887120779391535E+003  5.5315742076075765E+002  2.8418694986999112E+003  -3.6575302000307920E+003  -5.4415994807193663E+001  2.2911717311710271E+002  -1.3928852797905707E+001  2.1518832031919689E+002  -6.5488837581887719E+002  1.7273339867183495E+000   0.0000000000000000E+000  0.0000000000000000E+000  9.0154405001160467E+002  3.3856721031623096E+001  -8.1645099129872804E+001  0.0000000000000000E+000  0.0000000000000000E+000  0.0000000000000000E+000  0.0000000000000000E+000  1.6930091008118819E+002  4.1507045186999147E-001
  0.0013  42  387.76721889915518  2.4104664866415246E+003  5.8073363519536008E+002  2.9912001218368846E+003  -3.8530819348112809E+003  -5.6173791195155403E+001  2.4849771488426109E+002  -1.4635446398857823E+001  2.3386226848540318E+002  -6.8419333568414504E+002  4.1817940763087336E+000   0.0000000000000000E+000  0.0000000000000000E+000  9.4550313214484720E+002  3.6645568773261751E+001  -8.8460218681013714E+001  0.0000000000000000E+000  0.0000000000000000E+000  0.0000000000000000E+000  0.0000000000000000E+000  1.8081853462925261E+002  4.2072697264853720E-001
  0.0013  44  406.67126591883112  2.5309254978127346E+003  6.0827229606733556E+002  3.1391977938800701E+003  -4.0486224362820080E+003  -5.7891904108343269E+001  2.6848953735269231E+002  -1.5341857795628350E+001  2.5314767955706401E+002  -7.1416886695321875E+002  5.0884861666393135E+000   0.0000000000000000E+000  0.0000000000000000E+000  9.9019828458953293E+002  3.9550232609322890E+001  -9.5560983297598540E+001  0.0000000000000000E+000  0.0000000000000000E+000  0.0000000000000000E+000  0.0000000000000000E+000  1.9068406111467340E+002  4.2311120218789278E-001
  0.0013  46  424.51078871235688  2.6500101777949362E+003  6.3577566402604441E+002  3.2857858418209807E+003  -4.2441333220274764E+003  -5.9573449006513982E+001  2.8908253209701297E+002  -1.6048093601580000E+001  2.7303443849543294E+002  -7.4488649071758084E+002  4.5551905897873439E+000   0.0000000000000000E+000  0.0000000000000000E+000  1.0356909885028447E+003  4.2574383467531483E+001  -1.0295625110064147E+002  0.0000000000000000E+000  0.0000000000000000E+000  0.0000000000000000E+000  0.0000000000000000E+000  1.9899004274193783E+002  4.2292344302311280E-001
  0.0013  48  441.20295608013879  2.7675740926815865E+003  6.6324504439875204E+002  3.4308191370803388E+003  -4.4395598277567042E+003  -6.1220276977651693E+001  3.1026696763693502E+002  -1.6754153935267006E+001  2.9351281370166782E+002  -7.7644815395235651E+002  2.6788930796069508E+000   0.0000000000000000E+000  0.0000000000000000E+000  1.0820477818542413E+003  4.5722182076365193E+001  -1.1065607151756399E+002  0.0000000000000000E+000  0.0000000000000000E+000  0.0000000000000000E+000  0.0000000000000000E+000  2.0579216754029028E+002  4.2066828293330544E-001
  0.0013  50  457.89915762597633  2.8853332045095203E+003  6.9065977803661758E+002  3.5759929825461377E+003  -4.6352791058479588E+003  -6.2834545873840639E+001  3.3202832310652326E+002  -1.7459763756368929E+001  3.1456855935015432E+002  -8.0755210982550648E+002  -4.5250301451301311E-001  0.0000000000000000E+000  0.0000000000000000E+000  1.1284074064952572E+003  4.8958683312888191E+001  -1.1857660305441637E+002  0.0000000000000000E+000  0.0000000000000000E+000  0.0000000000000000E+000  0.0000000000000000E+000  2.1166772391370739E+002  4.1675147661781381E-001
  0.0013  52  479.73923983103572  3.0110325151235329E+003  7.1789931454025543E+002  3.7289318296637884E+003  -4.8330706427760842E+003  -6.4415968537161092E+001  3.5432752397132168E+002  -1.8163399878028240E+001  3.3616412409329331E+002  -8.3239065755616446E+002  3.5658445807912358E+000   0.0000000000000000E+000  0.0000000000000000E+000  1.1708880236271893E+003  5.2113591986137969E+001  -1.2630848237534586E+002  0.0000000000000000E+000  0.0000000000000000E+000  0.0000000000000000E+000  0.0000000000000000E+000  2.2718648426260654E+002  4.2725168135921754E-001
  0.0013  54  502.42534000825714  3.1381756001226468E+003  7.4506451906489428E+002  3.8832401191875410E+003  -5.0314026466811301E+003  -6.5967298767797729E+001  3.7717891379320088E+002  -1.8866310703542393E+001  3.5831260308965841E+002  -8.5581722317173069E+002  5.8931969681134433E+000   0.0000000000000000E+000  0.0000000000000000E+000  1.2127613640759612E+003  5.5319232898095024E+001  -1.3416900024964301E+002  0.0000000000000000E+000  0.0000000000000000E+000  0.0000000000000000E+000  0.0000000000000000E+000  2.4174104852079472E+002  4.3445370140241607E-001
  0.0013  56  522.21867178283196  3.2611531386955430E+003  7.7223676724888094E+002  4.0333899059444238E+003  -5.2289892312682250E+003  -6.7491906681779909E+001  4.0059496501068224E+002  -1.9569496679482697E+001  3.8102546833119959E+002  -8.8206576367437970E+002  6.6392926345160959E+000   0.0000000000000000E+000  0.0000000000000000E+000  1.2567996409048319E+003  5.8699429295825205E+001  -1.4245593520287520E+002  0.0000000000000000E+000  0.0000000000000000E+000  0.0000000000000000E+000  0.0000000000000000E+000  2.5380545595791691E+002  4.3894372206151111E-001
  0.0013  58  541.24464862046545  3.3831676119651329E+003  7.9936600944713018E+002  4.1825336214122635E+003  -5.4265522755817146E+003  -6.8989763994629740E+001  4.2455582963901395E+002  -2.0272324043242381E+001  4.0428350559577154E+002  -9.0872491256831233E+002  5.9070376720824243E+000   0.0000000000000000E+000  0.0000000000000000E+000  1.3014075009973906E+003  6.2185556601354165E+001  -1.5100439551639241E+002  0.0000000000000000E+000  0.0000000000000000E+000  0.0000000000000000E+000  0.0000000000000000E+000  2.6439489318612124E+002  4.4120596989191296E-001
  0.0013  60  562.63154319462740  3.5088746274670330E+003  8.2638833377941830E+002  4.3352629612464516E+003  -5.6251361102210276E+003  -7.0461133478359301E+001  4.4903596682724890E+002  -2.0973979973077700E+001  4.2806198685417121E+002  -9.3227229559876287E+002  7.2379118043463677E+000   0.0000000000000000E+000  0.0000000000000000E+000  1.3442743021562371E+003  6.5668029488372795E+001  -1.5955038540877209E+002  0.0000000000000000E+000  0.0000000000000000E+000  0.0000000000000000E+000  0.0000000000000000E+000  2.7841698244142037E+002  4.4715413711367447E-001
