0.93242504E-03
0.49118067E-02
0.12066593E-01
0.22390792E-01
0.35873659E-01
0.52500950E-01
0.72255062E-01
0.95115064E-01
0.12105674E+00
0.15005259E+00
0.18207188E+00
0.21708070E+00
0.25504194E+00
0.29591536E+00
0.33965766E+00
0.38622247E+00
0.43556045E+00
0.48761931E+00
0.54234389E+00
0.59967618E+00
0.65955544E+00
0.72191819E+00
0.78669836E+00
0.85382729E+00
0.92323384E+00
0.99484446E+00
0.10685833E+01
0.11443721E+01
0.12221306E+01
0.13017765E+01
0.13832252E+01
0.14663906E+01
0.15511844E+01
0.16375167E+01
0.17252962E+01
0.18144298E+01
0.19048229E+01
0.19963799E+01
0.20890037E+01
0.21825961E+01
0.22770580E+01
0.23722892E+01
0.24681888E+01
0.25646552E+01
0.26615862E+01
0.27588790E+01
0.28564305E+01
0.29541374E+01
0.30518961E+01
0.31496030E+01
0.32471545E+01
0.33444473E+01
0.34413783E+01
0.35378447E+01
0.36337443E+01
0.37289755E+01
0.38234373E+01
0.39170298E+01
0.40096535E+01
0.41012105E+01
0.41916037E+01
0.42807373E+01
0.43685167E+01
0.44548491E+01
0.45396429E+01
0.46228083E+01
0.47042570E+01
0.47839029E+01
0.48616614E+01
0.49374502E+01
0.50111890E+01
0.50827996E+01
0.51522062E+01
0.52193351E+01
0.52841153E+01
0.53464780E+01
0.54063573E+01
0.54636896E+01
0.55184142E+01
0.55704730E+01
0.56198110E+01
0.56663758E+01
0.57101181E+01
0.57509915E+01
0.57889528E+01
0.58239616E+01
0.58559809E+01
0.58849767E+01
0.59109184E+01
0.59337784E+01
0.59535325E+01
0.59701598E+01
0.59836427E+01
0.59939669E+01
0.60011217E+01
0.60051011E+01
0.60069659E+01
0.60109453E+01
0.60181001E+01
0.60284243E+01
0.60419071E+01
0.60585344E+01
0.60782885E+01
0.61011485E+01
0.61270902E+01
0.61560861E+01
0.61881054E+01
0.62231142E+01
0.62610754E+01
0.63019488E+01
0.63456911E+01
0.63922560E+01
0.64415939E+01
0.64936528E+01
0.65483774E+01
0.66057097E+01
0.66655889E+01
0.67279517E+01
0.67927318E+01
0.68598608E+01
0.69292673E+01
0.70008779E+01
0.70746167E+01
0.71504056E+01
0.72281641E+01
0.73078100E+01
0.73892587E+01
0.74724240E+01
0.75572178E+01
0.76435502E+01
0.77313297E+01
0.78204633E+01
0.79108564E+01
0.80024134E+01
0.80950372E+01
0.81886296E+01
0.82830915E+01
0.83783227E+01
0.84742223E+01
0.85706887E+01
0.86676197E+01
0.87649125E+01
0.88624640E+01
0.89601709E+01
0.90579296E+01
0.91556364E+01
0.92531880E+01
0.93504808E+01
0.94474117E+01
0.95438781E+01
0.96397778E+01
0.97350090E+01
0.98294708E+01
0.99230632E+01
0.10015687E+02
0.10107244E+02
0.10197637E+02
0.10286771E+02
0.10374550E+02
0.10460883E+02
0.10545676E+02
0.10628842E+02
0.10710290E+02
0.10789936E+02
0.10867695E+02
0.10943484E+02
0.11017223E+02
0.11088833E+02
0.11158240E+02
0.11225369E+02
0.11290149E+02
0.11352512E+02
0.11412391E+02
0.11469723E+02
0.11524448E+02
0.11576507E+02
0.11625844E+02
0.11672409E+02
0.11716152E+02
0.11757025E+02
0.11794986E+02
0.11829995E+02
0.11862014E+02
0.11891010E+02
0.11916952E+02
0.11939812E+02
0.11959566E+02
0.11976193E+02
0.11989676E+02
0.12000000E+02
0.12007155E+02
0.12011135E+02
0.12012999E+02
0.12016979E+02
0.12024134E+02
0.12034458E+02
0.12047941E+02
0.12064568E+02
0.12084322E+02
0.12107182E+02
0.12133124E+02
0.12162120E+02
0.12194139E+02
0.12229148E+02
0.12267109E+02
0.12307982E+02
0.12351725E+02
0.12398289E+02
0.12447627E+02
0.12499686E+02
0.12554411E+02
0.12611743E+02
0.12671622E+02
0.12733985E+02
0.12798765E+02
0.12865894E+02
0.12935301E+02
0.13006911E+02
0.13080650E+02
0.13156439E+02
0.13234198E+02
0.13313843E+02
0.13395292E+02
0.13478458E+02
0.13563251E+02
0.13649584E+02
0.13737363E+02
0.13826497E+02
0.13916890E+02
0.14008447E+02
0.14101071E+02
0.14194663E+02
0.14289125E+02
0.14384356E+02
0.14480256E+02
0.14576722E+02
0.14673653E+02
0.14770946E+02
0.14868497E+02
0.14966204E+02
0.15063963E+02
0.15161670E+02
0.15259221E+02
0.15356514E+02
0.15453445E+02
0.15549912E+02
0.15645811E+02
0.15741042E+02
0.15835504E+02
0.15929097E+02
0.16021721E+02
0.16113278E+02
0.16203671E+02
0.16292804E+02
0.16380584E+02
0.16466916E+02
0.16551710E+02
0.16634875E+02
0.16716324E+02
0.16795970E+02
0.16873728E+02
0.16949517E+02
0.17023256E+02
0.17094867E+02
0.17164273E+02
0.17231402E+02
0.17296182E+02
0.17358545E+02
0.17418424E+02
0.17475757E+02
0.17530481E+02
0.17582540E+02
0.17631878E+02
0.17678443E+02
0.17722185E+02
0.17763059E+02
0.17801020E+02
0.17836029E+02
0.17868048E+02
0.17897044E+02
0.17922985E+02
0.17945845E+02
0.17965599E+02
0.17982227E+02
0.17995710E+02
0.18006034E+02
0.18013189E+02
0.18017168E+02
0.18019033E+02
0.18023012E+02
0.18030167E+02
0.18040491E+02
0.18053974E+02
0.18070601E+02
0.18090356E+02
0.18113216E+02
0.18139157E+02
0.18168153E+02
0.18200172E+02
0.18235181E+02
0.18273142E+02
0.18314016E+02
0.18357758E+02
0.18404323E+02
0.18453661E+02
0.18505720E+02
0.18560444E+02
0.18617777E+02
0.18677656E+02
0.18740019E+02
0.18804799E+02
0.18871928E+02
0.18941334E+02
0.19012945E+02
0.19086684E+02
0.19162473E+02
0.19240231E+02
0.19319877E+02
0.19401326E+02
0.19484491E+02
0.19569285E+02
0.19655617E+02
0.19743397E+02
0.19832530E+02
0.19922923E+02
0.20014480E+02
0.20107104E+02
0.20200697E+02
0.20295158E+02
0.20390390E+02
0.20486289E+02
0.20582756E+02
0.20679687E+02
0.20776979E+02
0.20874531E+02
0.20972238E+02
0.21069997E+02
0.21167703E+02
0.21265255E+02
0.21362548E+02
0.21459479E+02
0.21555945E+02
0.21651845E+02
0.21747076E+02
0.21841538E+02
0.21935130E+02
0.22027754E+02
0.22119311E+02
0.22209704E+02
0.22298838E+02
0.22386617E+02
0.22472950E+02
0.22557743E+02
0.22640909E+02
0.22722357E+02
0.22802003E+02
0.22879762E+02
0.22955551E+02
0.23029289E+02
0.23100900E+02
0.23170307E+02
0.23237436E+02
0.23302216E+02
0.23364578E+02
0.23424458E+02
0.23481790E+02
0.23536515E+02
0.23588573E+02
0.23637911E+02
0.23684476E+02
0.23728219E+02
0.23769092E+02
0.23807053E+02
0.23842062E+02
0.23874081E+02
0.23903077E+02
0.23929019E+02
0.23951879E+02
0.23971633E+02
0.23988260E+02
0.24001743E+02
0.24012067E+02
0.24019222E+02
0.24023202E+02
