# rho_B       Z   N                   tau_n                    tau_p                    tau_t                    field                     spin-orbit                coul_dir                 coul_exc                  coul_tot                 skyrme                   strut_p                   pair_n                    e_pair_bcs_p              k_e                      coul_ee                  coul_pe                   mu_n                     mu_p                      mu_e                     mu_t                     e_t                      e/a_t
  0.02000000  20  559.14104651495006  5.5603087095655965E+003  2.0335784801676962E+002  5.7636665575823663E+003  -3.7777451987317218E+003  -2.8640423177104225E+001  6.1924429672605740E+001  -5.9100428458782410E+000  5.6014386826727474E+001  2.0132953225002655E+003  -1.6934816016221248E+000  -1.0932785516768305E+001  -6.9277048139627730E-007  7.9927758342403183E+002  1.9079356625316183E+001  -4.4561147114205795E+001  0.0000000000000000E+000  -4.6624012510594291E+001  0.0000000000000000E+000  0.0000000000000000E+000  2.7588179876241679E+003  4.7636374665615051E+000
  0.02000000  22  615.87394908131603  6.1283471972042616E+003  2.2405671659675292E+002  6.3524039138010148E+003  -4.1693750228359440E+003  -3.0498623745149512E+001  7.2673966298065267E+001  -6.5189485659241306E+000  6.6155017732141118E+001  2.2186852849520660E+003  3.8317291268322151E+000   -1.2047553403738679E+001  -2.4171689096237881E+000  8.7882424357687773E+002  2.2286897657268348E+001  -5.2214881522728824E+001  0.0000000000000000E+000  -4.5151230965477097E+001  0.0000000000000000E+000  0.0000000000000000E+000  3.0397370054768994E+003  4.7648069762323750E+000
  0.02000000  24  669.87399575390043  6.6712375465870427E+003  2.4476430643461421E+002  6.9160018530216566E+003  -4.5512984866862789E+003  -3.2289160890967217E+001  8.4097134427084967E+001  -7.1285560435759319E+000  7.6968578383509055E+001  2.4093827838279221E+003  6.5791073156985931E+000   -1.3099520043610044E+001  -3.2853087958474427E+000  9.5964384728150833E+002  2.5722385182298034E+001  -6.0422534674926169E+001  0.0000000000000000E+000  -4.5663175874346642E+001  0.0000000000000000E+000  0.0000000000000000E+000  3.3057445280930046E+003  4.7641856422180453E+000
  0.02000000  26  722.61073536558786  7.2039604866888922E+003  2.6542870653703073E+002  7.4693891932259230E+003  -4.9295177267116269E+003  -3.4013406036901088E+001  9.6165297522230603E+001  -7.7380804782797528E+000  8.8427217043950819E+001  2.5942852775213478E+003  6.8068581671564061E+000   -1.4126722025161634E+001  -2.7096508040840037E+000  1.0410587605012443E+003  2.9366687623125102E+001  -6.9139923648079474E+001  0.0000000000000000E+000  -4.6081949802601514E+001  0.0000000000000000E+000  0.0000000000000000E+000  3.5652003693355209E+003  4.7624221787087198E+000
  0.02000000  28  773.89867542205116  7.7241790840184349E+003  2.8605979848377439E+002  8.0102388825022090E+003  -5.3030414461087148E+003  -3.5680124037411581E+001  1.0886108228041775E+002  -8.3475907381540502E+000  1.0051349154226367E+002  2.7720308038983467E+003  4.0403474777851898E+000   -1.5122042432968335E+001  -7.6495465020400355E-006  1.1231645781544601E+003  3.3219914720883217E+001  -7.8366591476069644E+001  0.0000000000000000E+000  -4.5921303230466776E+001  0.0000000000000000E+000  0.0000000000000000E+000  3.8170613986928697E+003  4.7600295594387454E+000
  0.02000000  30  832.00888258714531  8.3045407469745587E+003  3.0651212046622811E+002  8.6110528674407869E+003  -5.7010243840537660E+003  -3.7276300352666937E+001  1.2213887514805828E+002  -8.9549405093180194E+000  1.1318393463874023E+002  2.9859361176730963E+003  7.7481352373117716E+000   -1.6264832847082122E+001  -2.7624742029094707E+000  1.2020548795924371E+003  3.7160863353280618E+001  -8.7824954384901318E+001  0.0000000000000000E+000  -4.5759180610097701E+001  0.0000000000000000E+000  0.0000000000000000E+000  4.1025774444212175E+003  4.7593215421408974E+000
  0.02000000  32  879.25667653372545  8.7896892009758812E+003  3.2709341494825122E+002  9.1167826159241322E+003  -6.0610181179280298E+003  -3.8847905025525563E+001  1.3604200959054873E+002  -9.5645239367391568E+000  1.2647748565380959E+002  3.1433940786243875E+003  8.3528356164486013E+000   -1.7171824226967662E+001  -3.2737128915388856E+000  1.2860837532748858E+003  4.1438679153758848E+001  -9.8083427237474979E+001  0.0000000000000000E+000  -4.6057339212613059E+001  0.0000000000000000E+000  0.0000000000000000E+000  4.3357054063134874E+003  4.7579408941064187E+000
  0.02000000  34  930.21250157629709  9.3076015619499904E+003  3.4754890650478342E+002  9.6551504684547745E+003  -6.4344109906147924E+003  -4.0365393138595458E+001  1.5050651784950989E+002  -1.0172629976858701E+001  1.4033388787265122E+002  3.3207079725740355E+003  6.8569884794244444E+000   -1.8158756033238070E+001  -2.4641742149539936E+000  1.3683735206146771E+003  4.5841602966735721E+001  -1.0865755756621182E+002  0.0000000000000000E+000  -4.6269897462763467E+001  0.0000000000000000E+000  0.0000000000000000E+000  4.5858999348204597E+003  4.7561091847681265E+000
  0.02000000  36  980.95180624442412  9.8237996319477152E+003  3.6794669217747838E+002  1.0191746324125193E+004  -6.8073307635062192E+003  -4.1841605748158329E+001  1.6553185654789493E+002  -1.0780209348199985E+001  1.5475164719969487E+002  3.4973256020705121E+003  5.1527549210838970E+000   -1.9141737877383552E+001  -1.8629741837001372E+000  1.4507769288353977E+003  5.0423026570196868E+001  -1.1966872981174559E+002  0.0000000000000000E+000  -4.6311265816036943E+001  0.0000000000000000E+000  0.0000000000000000E+000  4.8348405225243541E+003  4.7542474410610707E+000
  0.02000000  38  1031.6135978465941  1.0339495614884943E+004  3.8828420819260651E+002  1.0727779823077550E+004  -7.1802437759893783E+003  -4.3279488437308984E+001  1.8110473389668269E+002  -1.1387197419045547E+001  1.6971753647763714E+002  3.6739740951285034E+003  3.1746294159599984E+000   -2.0122430906016664E+001  -1.0714732610164468E+000  1.5332267748859560E+003  5.5177637502625558E+001  -1.3110419416125416E+002  0.0000000000000000E+000  -4.6277453915175244E+001  0.0000000000000000E+000  0.0000000000000000E+000  5.0835260046047533E+003  4.7526751855394354E+000
  0.02000000  40  1082.3166762484145  1.0855727376882554E+004  4.0855930382815262E+002  1.1264286680710708E+004  -7.5535501916420535E+003  -4.4681533316645144E+001  1.9721269393024528E+002  -1.1993538466521997E+001  1.8521915546372327E+002  3.8512741112157355E+003  1.0230044611262201E+000   -2.1103058030744194E+001  -1.7272302499031769E-006  1.6156645442196432E+003  6.0100348190849381E+001  -1.4295173341416356E+002  0.0000000000000000E+000  -4.5583248222030434E+001  0.0000000000000000E+000  0.0000000000000000E+000  5.3327134949152114E+003  4.7515229950407836E+000
  0.02000000  42  1137.9825250675801  1.1415700872512933E+004  4.2868135069370203E+002  1.1844382223206634E+004  -7.9445751468332383E+003  -4.6039135194900879E+001  2.1382247142485701E+002  -1.2597893537278845E+001  2.0122457788757816E+002  4.0549925190660729E+003  4.9411261321761231E+000   -2.2191708134453943E+001  -2.4387105372920495E+000  1.6956953634094789E+003  6.5097404065488249E+001  -1.5499507456751982E+002  0.0000000000000000E+000  -4.4967245749887809E+001  0.0000000000000000E+000  0.0000000000000000E+000  5.6082425134339483E+003  4.7528182784826223E+000
  0.02000000  44  1195.5823411632196  1.1992819666741572E+004  4.4870692756768761E+002  1.2441526594309260E+004  -8.3426289509880753E+003  -4.7362022136384589E+001  2.3093556784185654E+002  -1.3201061371457396E+001  2.1773450647039925E+002  4.2692701276551988E+003  6.9710792317091546E+000   -2.3320888854817852E+001  -3.5595124711417090E+000  1.7747918817993943E+003  7.0215291447112691E+001  -1.6734028021591416E+002  0.0000000000000000E+000  -4.5149542295822684E+001  0.0000000000000000E+000  0.0000000000000000E+000  5.8926046065915380E+003  4.7537016387791073E+000
  0.02000000  46  1245.2741311327891  1.2501527301495085E+004  4.6880398317157960E+002  1.2970331284666665E+004  -8.7133660813791284E+003  -4.8671434118751385E+001  2.4858502349155560E+002  -1.3805471754099784E+001  2.3477955173745579E+002  4.4430733209062437E+003  7.3778471872228693E+000   -2.4281172099151252E+001  -3.6063408614143122E+000  1.8577179760861857E+003  7.5640008538006995E+001  -1.8041553278258775E+002  0.0000000000000000E+000  -4.5309564546848463E+001  0.0000000000000000E+000  0.0000000000000000E+000  6.1395183289745046E+003  4.7542368973810154E+000
  0.02000000  48  1297.0028798805351  1.3026511468652097E+004  4.8882086917284090E+002  1.3515332337824939E+004  -9.0907389537108502E+003  -4.9951584644621150E+001  2.6672385227614780E+002  -1.4408899016954319E+001  2.5231495325919360E+002  4.6269567527286636E+003  6.2165601654669445E+000   -2.5281594825604941E+001  -2.5919698922159666E+000  1.9396616247097354E+003  8.1183296711766261E+001  -1.9378704509388768E+002  0.0000000000000000E+000  -4.5437570850487859E+001  0.0000000000000000E+000  0.0000000000000000E+000  6.3948051605039218E+003  4.7544917978689982E+000
  0.02000000  50  1349.9466255537184  1.3563193315814831E+004  5.0874575429252593E+002  1.4071939070107357E+004  -9.4729334179725465E+003  -5.1202089582585167E+001  2.8533942290694461E+002  -1.5011160599191840E+001  2.7032826230775277E+002  4.8181318248599764E+003  3.0666785916928347E+000   -2.6309358487506916E+001  -4.5018985956552335E-006  2.0210155567737618E+003  8.6856284515989685E+001  -2.0747977389960724E+002  0.0000000000000000E+000  -4.5040242763053243E+001  0.0000000000000000E+000  0.0000000000000000E+000  6.6561640578524066E+003  4.7545841651057312E+000
  0.02000000  52  1411.9843366234968  1.4179857159023401E+004  5.2844253623947702E+002  1.4708299695262878E+004  -9.8873153677310165E+003  -5.2409477237703847E+001  3.0438446551223410E+002  -1.5610249821492323E+001  2.8877421569074176E+002  5.0573490659849022E+003  6.3613551939938588E+000   -2.7534106958317942E+001  -2.3751334308516787E+000  2.0979534396414697E+003  9.2488304364243831E+001  -2.2109897137675506E+002  0.0000000000000000E+000  -4.4656147798777852E+001  0.0000000000000000E+000  0.0000000000000000E+000  6.9624621174186841E+003  4.7558310176155736E+000
  0.02000000  54  1458.6273607535659  1.4661495849458141E+004  5.4835937180710846E+002  1.5209855221265248E+004  -1.0247626257983577E+004  -5.3625411012388462E+001  3.2397703533799182E+002  -1.6212705824851191E+001  3.0776432951314064E+002  5.2163678817824211E+003  7.3793250743055978E+000   -2.8425313442614634E+001  -2.9757575005072838E+000  2.1823631602709456E+003  9.8593591277293143E+001  -2.3583242624453200E+002  0.0000000000000000E+000  -4.4770168631846310E+001  0.0000000000000000E+000  0.0000000000000000E+000  7.1952239392173105E+003  4.7567723061888953E+000
  0.02000000  56  1513.0111934867650  1.5211231128564923E+004  5.6807426377524428E+002  1.5779305392340168E+004  -1.0635342328172941E+004  -5.4803583868776883E+001  3.4399012730764014E+002  -1.6812349953027041E+001  3.2717777735461328E+002  5.4163372576530646E+003  6.5965118835674730E+000   -2.9484229875377221E+001  -2.2905370770582731E+000  2.2630158716714159E+003  1.0468127422410633E+002  -2.5054561323234705E+002  0.0000000000000000E+000  -4.4877324245860265E+001  0.0000000000000000E+000  0.0000000000000000E+000  7.4644993272473703E+003  4.7574544772100991E+000
  0.02000000  58  1585.2998971042914  1.5918293599103325E+004  5.8740260521044456E+002  1.6505696204313768E+004  -1.1086231748763126E+004  -5.5925688580194645E+001  3.6435727776562231E+002  -1.7406452624434543E+001  3.4695082514118775E+002  5.7104895921116358E+003  3.7413594998020017E+000   -3.1010359601390558E+001  -5.3244458667828621E-006  2.3350190600304377E+003  1.1050886002818096E+002  -2.6467620838285472E+002  0.0000000000000000E+000  -4.4602810152651024E+001  0.0000000000000000E+000  0.0000000000000000E+000  7.8186964043613643E+003  4.7579242341206553E+000
  0.02000000  60  1638.8339366782420  1.6461789276825071E+004  6.0700253596419270E+002  1.7068791812789263E+004  -1.1471606021272204E+004  -5.7063891219738608E+001  3.8526964340014086E+002  -1.8004660153498737E+001  3.6726498324664203E+002  5.9073868835439689E+003  6.3932652327862343E+000   -3.2055498878404634E+001  -2.0218683810869966E+000  2.4160798222672847E+003  1.1689384231554747E+002  -2.8011581052901937E+002  0.0000000000000000E+000  -4.4207757858214684E+001  0.0000000000000000E+000  0.0000000000000000E+000  8.0856200555710748E+003  4.7591912552228388E+000
