# rho_B       Z   N                   tau_n                    tau_p                    tau_t                    field                     spin-orbit                coul_dir                 coul_exc                 coul_tot                 skyrme                    strut_p                   pair_n                   e_pair_bcs_p             k_e                      coul_ee                  coul_pe                   mu_n                     mu_p                     mu_e                     mu_t                     e_t                      e/a_t
  0.00125000  20  183.00510420434745  1.1671688030290725E+003  2.7631347737854117E+002  1.4434822804076136E+003  -1.8126834547719006E+003  -3.6192861244102360E+001  7.0901592866209441E+001  0.0000000000000000E+000  7.0901592866209441E+001  -3.3449244274217995E+002  -1.5014141632295832E+000  0.0000000000000000E+000  0.0000000000000000E+000  4.4548655286914590E+002  1.0736184970769118E+001  -2.5422607057112366E+001  0.0000000000000000E+000  0.0000000000000000E+000  0.0000000000000000E+000  0.0000000000000000E+000  7.9159413877268037E+001  3.8993804705262902E-001
  0.00125000  22  201.54039143743645  1.2910563934653815E+003  3.0415833685903175E+002  1.5952147303244133E+003  -2.0108522341413411E+003  -3.8623566329669849E+001  8.3239966775637242E+001  0.0000000000000000E+000  8.3239966775637242E+001  -3.7102110337095996E+002  3.2262958302870857E+000   0.0000000000000000E+000  0.0000000000000000E+000  4.8985975452151774E+002  1.2542251258661466E+001  -2.9789433516699905E+001  0.0000000000000000E+000  0.0000000000000000E+000  0.0000000000000000E+000  0.0000000000000000E+000  8.7606218722721565E+001  3.9190330730736206E-001
  0.00125000  24  217.14010443767478  1.4109341254747528E+003  3.3199652541414139E+002  1.7429306508888942E+003  -2.2088149382324705E+003  -4.0954427524878739E+001  9.6356515726243828E+001  0.0000000000000000E+000  9.6356515726243828E+001  -4.1048219914221266E+002  5.2011507299297364E+000   0.0000000000000000E+000  0.0000000000000000E+000  5.3644061054700251E+002  1.4516227440688679E+001  -3.4566791410180130E+001  0.0000000000000000E+000  0.0000000000000000E+000  0.0000000000000000E+000  0.0000000000000000E+000  9.2332766165168081E+001  3.8290091305735180E-001
  0.00125000  26  230.23082392789775  1.5274378303295027E+003  3.5984730769913250E+002  1.8872851380286352E+003  -2.4066774522327287E+003  -4.3199032815905433E+001  1.1022851812091552E+002  0.0000000000000000E+000  1.1022851812091552E+002  -4.5236282889908608E+002  4.7541364842759322E+000   0.0000000000000000E+000  0.0000000000000000E+000  5.8498673702056203E+002  1.6657419921278873E+001  -3.9753582302510146E+001  0.0000000000000000E+000  0.0000000000000000E+000  0.0000000000000000E+000  0.0000000000000000E+000  9.3940964224478094E+001  3.6662632068803597E-001
  0.00125000  28  243.48654771120383  1.6445319550260010E+003  3.8759691500720692E+002  2.0321288700332079E+003  -2.6052385730829928E+003  -4.5365871518319175E+001  1.2482166752797347E+002  0.0000000000000000E+000  1.2482166752797347E+002  -4.9365390704013316E+002  2.1662812614758877E+000   0.0000000000000000E+000  0.0000000000000000E+000  6.3348837137608700E+002  1.8912035992923343E+001  -4.5222659861090790E+001  0.0000000000000000E+000  0.0000000000000000E+000  0.0000000000000000E+000  0.0000000000000000E+000  9.3784517729231339E+001  3.4543878936940381E-001
  0.00125000  30  261.66222435705271  1.7694656008333252E+003  4.1515243194007041E+002  2.1846180327733955E+003  -2.8063447846617373E+003  -4.7469008654042376E+001  1.4009496253747093E+002  0.0000000000000000E+000  1.4009496253747093E+002  -5.2910079800491428E+002  5.9613917406343262E+000   0.0000000000000000E+000  0.0000000000000000E+000  6.7811560462568525E+002  2.1159997019492419E+001  -5.0688536284129803E+001  0.0000000000000000E+000  0.0000000000000000E+000  0.0000000000000000E+000  0.0000000000000000E+000  1.0197736909674515E+002  3.4964201936323053E-001
  0.00125000  32  277.66487439224460  1.8914282842527375E+003  4.4267691881317876E+002  2.3341052030659162E+003  -3.0071933402543518E+003  -4.9506613522652515E+001  1.5605929893004384E+002  0.0000000000000000E+000  1.5605929893004384E+002  -5.6653545178104730E+002  7.1542596468557349E+000   0.0000000000000000E+000  0.0000000000000000E+000  7.2446864233162387E+002  2.3561948841005748E+001  -5.6531672672689851E+001  0.0000000000000000E+000  0.0000000000000000E+000  0.0000000000000000E+000  0.0000000000000000E+000  1.0708275036573127E+002  3.4580205641803158E-001
  0.00125000  34  292.06198858477643  2.0113094575228820E+003  4.7020768384383081E+002  2.4815171413667126E+003  -3.2080529948725894E+003  -5.1489005144417938E+001  1.7270165758253160E+002  0.0000000000000000E+000  1.7270165758253160E+002  -6.0532320106776456E+002  6.0089442575801968E+000   0.0000000000000000E+000  0.0000000000000000E+000  7.7211885519161945E+002  2.6108157378471216E+001  -6.2729228100492108E+001  0.0000000000000000E+000  0.0000000000000000E+000  0.0000000000000000E+000  0.0000000000000000E+000  1.0958386565940154E+002  3.3608292133241935E-001
  0.00125000  36  307.13257409988125  2.1325972595744342E+003  4.9768851220881453E+002  2.6302857717832489E+003  -3.4097848853653941E+003  -5.3423255577057894E+001  1.8999507549548329E+002  0.0000000000000000E+000  1.8999507549548329E+002  -6.4292729366371987E+002  5.4592113838957630E+000   0.0000000000000000E+000  0.0000000000000000E+000  8.1924625100675883E+002  2.8738891638589589E+001  -6.9138921633876379E+001  0.0000000000000000E+000  0.0000000000000000E+000  0.0000000000000000E+000  0.0000000000000000E+000  1.1321379073163845E+002  3.2993425553203198E-001
  0.00125000  38  321.61556971112816  2.2531698597648328E+003  5.2505384406747021E+002  2.7782237038323028E+003  -3.6116026259401187E+003  -5.5303410768815041E+001  2.0792425442849404E+002  0.0000000000000000E+000  2.0792425442849404E+002  -6.8075807844813892E+002  3.6841234657551922E+000   0.0000000000000000E+000  0.0000000000000000E+000  8.6686815256564864E+002  3.1486431429048274E+001  -7.5837439504078219E+001  0.0000000000000000E+000  0.0000000000000000E+000  0.0000000000000000E+000  0.0000000000000000E+000  1.1571415550822778E+002  3.2177181761327622E-001
  0.00125000  40  336.61339449412264  2.3748789713023666E+003  5.5236922861826724E+002  2.9272481999206339E+003  -3.8141571361868696E+003  -5.7142090402213690E+001  2.2647699340515720E+002  0.0000000000000000E+000  2.2647699340515720E+002  -7.1757403326329313E+002  3.0276411674171868E+000   0.0000000000000000E+000  0.0000000000000000E+000  9.1408229437082025E+002  3.4317580232845224E+001  -8.2745418331586762E+001  0.0000000000000000E+000  0.0000000000000000E+000  0.0000000000000000E+000  0.0000000000000000E+000  1.1981434417619718E+002  3.1813617340119188E-001
  0.00125000  42  354.57414240676371  2.5013876918367632E+003  5.7950608822691709E+002  3.0808937800636804E+003  -4.0182477636223452E+003  -5.8939305226016828E+001  2.4562033142800570E+002  0.0000000000000000E+000  2.4562033142800570E+002  -7.5067295735667835E+002  5.3722408627891127E+000   0.0000000000000000E+000  0.0000000000000000E+000  9.5885396870934801E+002  3.7152004926428425E+001  -8.9670358105505471E+001  0.0000000000000000E+000  0.0000000000000000E+000  0.0000000000000000E+000  0.0000000000000000E+000  1.2817649303637742E+002  3.2320269790481354E-001
  0.00125000  44  371.48179297415857  2.6265445361080406E+003  6.0662655842161951E+002  3.2331710945296600E+003  -4.2223511120945641E+003  -6.0698428300179259E+001  2.6537113959623912E+002  0.0000000000000000E+000  2.6537113959623912E+002  -7.8450730626884240E+002  6.2046890257684026E+000   0.0000000000000000E+000  0.0000000000000000E+000  1.0044946026988194E+003  4.0109089815944749E+001  -9.6897414771006055E+001  0.0000000000000000E+000  0.0000000000000000E+000  0.0000000000000000E+000  0.0000000000000000E+000  1.3498056850068076E+002  3.2487721672301345E-001
  0.00125000  46  387.33063613215114  2.7503471875625032E+003  6.3369544788933479E+002  3.3840426354518381E+003  -4.4263994748936557E+003  -6.2419109022986781E+001  2.8571567223255897E+002  0.0000000000000000E+000  2.8571567223255897E+002  -8.1906027623224736E+002  5.6392007192416713E+000   0.0000000000000000E+000  0.0000000000000000E+000  1.0510085071969563E+003  4.3190631977546687E+001  -1.0443096298219467E+002  0.0000000000000000E+000  0.0000000000000000E+000  0.0000000000000000E+000  0.0000000000000000E+000  1.4035932267929996E+002  3.2390814536447510E-001
  0.00125000  48  402.62243535548475  2.8735780966461602E+003  6.6073887357677199E+002  3.5343169702229325E+003  -4.6306393898715496E+003  -6.4107044418923607E+001  3.0664448960842986E+002  0.0000000000000000E+000  3.0664448960842986E+002  -8.5378497445911876E+002  3.7714815633817125E+000   0.0000000000000000E+000  0.0000000000000000E+000  1.0979868249940737E+003  4.6381354023750710E+001  -1.1223444653781611E+002  0.0000000000000000E+000  0.0000000000000000E+000  0.0000000000000000E+000  0.0000000000000000E+000  1.4456777558426910E+002  3.2081797141350926E-001
  0.00125000  50  416.85657664817222  2.9954348918194160E+003  6.8773355743674006E+002  3.6831684492561562E+003  -4.8347799262687804E+003  -6.5760908033697191E+001  3.2814846037855909E+002  0.0000000000000000E+000  3.2814846037855909E+002  -8.8922392466776375E+002  6.9391594211515439E-001   0.0000000000000000E+000  0.0000000000000000E+000  1.1458533544014369E+003  4.9699516266284519E+001  -1.2035166728986464E+002  0.0000000000000000E+000  0.0000000000000000E+000  0.0000000000000000E+000  0.0000000000000000E+000  1.4755404465220647E+002  3.1605277889591338E-001
  0.00125000  52  436.94897012253341  3.1264964574063683E+003  7.1451419101935653E+002  3.8410106484257249E+003  -5.0415708231771569E+003  -6.7389692482794871E+001  3.5017130404674356E+002  0.0000000000000000E+000  3.5017130404674356E+002  -9.1777856318748684E+002  3.9831041455322520E+000   0.0000000000000000E+000  0.0000000000000000E+000  1.1888435131690744E+003  5.2895707526528739E+001  -1.2818358075167760E+002  0.0000000000000000E+000  0.0000000000000000E+000  0.0000000000000000E+000  0.0000000000000000E+000  1.5907834490196961E+002  3.2534754058695070E-001
  0.00125000  54  455.70046258238989  3.2556383599928458E+003  7.4116285033581710E+002  3.9968012103286628E+003  -5.2479239810983527E+003  -6.8979042694260116E+001  3.7274218762894395E+002  0.0000000000000000E+000  3.7274218762894395E+002  -9.4735962583500782E+002  5.6790331815986974E+000   0.0000000000000000E+000  0.0000000000000000E+000  1.2329609941068040E+003  5.6220918703814739E+001  -1.3633235030214345E+002  0.0000000000000000E+000  0.0000000000000000E+000  0.0000000000000000E+000  0.0000000000000000E+000  1.6892244785506509E+002  3.3141513546829104E-001
  0.00125000  56  473.34509844518811  3.3833906843920386E+003  7.6785567324440922E+002  4.1512463576364480E+003  -5.4542924824449419E+003  -7.0546578905168133E+001  3.9587037321968853E+002  0.0000000000000000E+000  3.9587037321968853E+002  -9.7772233049397153E+002  5.8795592035839945E+000   0.0000000000000000E+000  0.0000000000000000E+000  1.2779950015721943E+003  5.9668175580252871E+001  -1.4478142469025917E+002  0.0000000000000000E+000  0.0000000000000000E+000  0.0000000000000000E+000  0.0000000000000000E+000  1.7722777317179950E+002  3.3480573201168090E-001
  0.00125000  58  490.83833472749785  3.5111841106824709E+003  7.9453324087766453E+002  4.3057173515601353E+003  -5.6609778849272334E+003  -7.2091793752810503E+001  4.1953929938174616E+002  0.0000000000000000E+000  4.1953929938174616E+002  -1.0078130277381601E+003  4.6890654043941140E+000   0.0000000000000000E+000  0.0000000000000000E+000  1.3231544446821338E+003  6.3202439248701396E+001  -1.5344655579814977E+002  0.0000000000000000E+000  0.0000000000000000E+000  0.0000000000000000E+000  0.0000000000000000E+000  1.8441047179891862E+002  3.3600144182790126E-001
  0.00125000  60  510.20746763021680  3.6420334545894470E+003  8.2106363823352683E+002  4.4630970928229735E+003  -5.8685957932144220E+003  -7.3610336137383172E+001  4.4371554641280539E+002  0.0000000000000000E+000  4.4371554641280539E+002  -1.0353934901160312E+003  6.6985161607649388E+000   0.0000000000000000E+000  0.0000000000000000E+000  1.3667795375591088E+003  6.6743824813452377E+001  -1.6213527203007772E+002  0.0000000000000000E+000  0.0000000000000000E+000  0.0000000000000000E+000  0.0000000000000000E+000  1.9575253638721654E+002  3.4330054848407243E-001
